216	243	216.000000
243	217	150.000000
243	137	32.000000
243	41	226.000000
243	310	93.000000
243	312	243.000000
243	167	243.000000
217	150	217.000000
217	324	217.000000
217	100	217.000000
217	119	217.000000
217	171	214.000000
150	128	150.000000
150	119	150.000000
150	189	100.000000
150	163	150.000000
150	324	150.000000
150	329	150.000000
64	217	64.000000
64	119	64.000000
64	171	64.000000
64	150	64.000000
64	189	64.000000
324	217	100.000000
324	213	340.000000
324	136	324.000000
324	20	14.000000
324	22	185.000000
324	341	203.000000
324	297	324.000000
324	199	324.000000
324	315	324.000000
324	277	324.000000
324	118	304.000000
324	304	324.000000
324	109	324.000000
324	332	329.000000
324	252	325.000000
324	224	324.000000
324	238	324.000000
324	329	324.000000
324	200	324.000000
100	269	100.000000
100	64	100.000000
100	115	14.000000
100	150	100.000000
100	323	236.000000
189	217	189.000000
189	171	107.000000
189	65	203.000000
189	150	189.000000
189	100	311.000000
119	217	171.000000
119	25	119.000000
119	27	119.000000
119	21	119.000000
119	285	232.000000
119	128	119.000000
119	132	72.000000
119	56	231.000000
119	297	119.000000
119	318	119.000000
119	199	119.000000
119	271	172.000000
119	277	172.000000
119	82	118.000000
119	339	119.000000
119	261	119.000000
119	176	119.000000
119	332	119.000000
119	239	119.000000
119	113	119.000000
119	252	119.000000
119	100	119.000000
119	170	119.000000
119	48	119.000000
119	1	119.000000
119	323	119.000000
119	185	119.000000
119	9	119.000000
119	329	119.000000
119	146	119.000000
119	203	119.000000
119	324	119.000000
119	325	119.000000
119	13	119.000000
119	98	119.000000
119	109	119.000000
119	248	119.000000
119	79	119.000000
119	39	119.000000
119	189	118.000000
171	58	171.000000
171	119	171.000000
171	150	171.000000
171	189	171.000000
171	107	7.000000
289	214	289.000000
289	137	17.000000
289	19	289.000000
214	20	214.000000
214	14	214.000000
214	19	214.000000
214	312	214.000000
214	41	214.000000
214	115	214.000000
214	116	214.000000
214	326	214.000000
214	343	214.000000
214	137	214.000000
20	214	14.000000
20	41	20.000000
20	14	20.000000
20	44	20.000000
20	343	20.000000
20	149	20.000000
20	115	20.000000
20	111	20.000000
20	326	20.000000
20	162	20.000000
14	41	17.000000
14	28	14.000000
14	144	14.000000
14	116	14.000000
14	326	14.000000
140	214	140.000000
140	137	140.000000
140	41	140.000000
140	28	312.000000
140	17	140.000000
140	115	140.000000
140	116	140.000000
19	214	312.000000
19	41	19.000000
19	343	19.000000
19	319	89.000000
19	174	19.000000
19	175	321.000000
19	222	238.000000
19	220	115.000000
19	227	19.000000
19	115	19.000000
19	17	116.000000
19	89	19.000000
19	112	143.000000
312	137	337.000000
312	20	312.000000
312	343	44.000000
312	144	312.000000
312	140	312.000000
312	306	195.000000
312	2	149.000000
312	115	312.000000
312	116	312.000000
312	44	312.000000
312	326	312.000000
312	262	312.000000
312	226	312.000000
312	220	312.000000
312	14	312.000000
312	19	312.000000
333	214	333.000000
333	20	333.000000
333	343	333.000000
333	2	333.000000
333	226	333.000000
41	214	115.000000
41	137	115.000000
41	151	41.000000
41	312	41.000000
41	310	41.000000
41	115	41.000000
41	111	41.000000
41	230	41.000000
41	44	41.000000
41	28	41.000000
41	343	41.000000
41	144	41.000000
41	243	41.000000
41	226	41.000000
41	14	41.000000
41	17	41.000000
115	28	116.000000
115	144	116.000000
115	140	116.000000
115	2	115.000000
115	312	116.000000
115	192	205.000000
115	226	116.000000
115	14	115.000000
115	149	115.000000
115	116	115.000000
115	17	115.000000
115	326	13.000000
111	214	111.000000
111	137	111.000000
111	41	230.000000
111	20	326.000000
111	343	226.000000
111	310	111.000000
111	312	111.000000
111	224	236.000000
111	16	261.000000
111	279	111.000000
111	44	111.000000
116	214	326.000000
116	41	116.000000
116	23	116.000000
116	2	326.000000
116	162	326.000000
116	14	326.000000
116	326	116.000000
326	137	326.000000
326	41	326.000000
326	28	326.000000
326	343	326.000000
326	144	326.000000
326	140	326.000000
326	226	326.000000
326	17	326.000000
326	111	279.000000
326	111	326.000000
326	149	327.000000
17	214	17.000000
17	310	17.000000
17	144	140.000000
17	312	17.000000
17	115	326.000000
17	19	17.000000
17	116	17.000000
17	111	17.000000
343	214	137.000000
343	41	144.000000
343	144	343.000000
343	116	343.000000
343	312	343.000000
343	44	343.000000
343	149	343.000000
343	115	343.000000
343	111	343.000000
343	226	343.000000
343	162	343.000000
343	14	281.000000
137	289	137.000000
137	17	137.000000
137	312	137.000000
137	337	137.000000
137	41	137.000000
137	115	137.000000
137	243	137.000000
137	32	137.000000
137	93	137.000000
137	167	136.000000
230	214	230.000000
230	160	260.000000
230	307	40.000000
230	97	230.000000
230	71	230.000000
230	253	230.000000
5	204	5.000000
5	156	5.000000
5	213	5.000000
5	180	5.000000
5	316	5.000000
5	122	5.000000
5	235	5.000000
5	87	5.000000
204	5	156.000000
204	130	204.000000
204	56	276.000000
204	53	204.000000
204	194	204.000000
204	92	302.000000
204	302	204.000000
204	242	204.000000
204	101	330.000000
204	330	204.000000
204	254	204.000000
204	94	204.000000
156	136	56.000000
156	258	156.000000
156	272	156.000000
156	85	322.000000
156	67	156.000000
156	188	239.000000
156	9	156.000000
158	5	158.000000
158	25	158.000000
158	22	158.000000
158	132	311.000000
158	315	158.000000
158	82	331.000000
158	109	158.000000
158	332	67.000000
158	60	322.000000
158	67	196.000000
158	169	113.000000
158	232	158.000000
158	322	158.000000
158	325	158.000000
213	5	180.000000
213	178	213.000000
213	315	213.000000
213	272	213.000000
213	130	213.000000
213	67	213.000000
213	236	213.000000
213	277	213.000000
213	40	213.000000
213	322	213.000000
213	345	213.000000
213	324	213.000000
213	340	213.000000
213	308	213.000000
213	204	213.000000
213	303	213.000000
213	122	213.000000
213	242	213.000000
213	128	213.000000
213	249	213.000000
213	161	213.000000
213	80	213.000000
213	57	213.000000
213	53	213.000000
213	7	213.000000
180	346	180.000000
180	299	180.000000
180	194	180.000000
180	80	180.000000
180	92	180.000000
180	101	249.000000
180	249	180.000000
180	254	187.000000
180	196	180.000000
180	204	180.000000
180	187	180.000000
180	94	180.000000
315	5	315.000000
315	211	271.000000
315	21	332.000000
315	346	194.000000
315	280	315.000000
315	285	332.000000
315	121	169.000000
315	128	271.000000
315	132	315.000000
315	56	332.000000
315	53	332.000000
315	291	315.000000
315	199	314.000000
315	313	315.000000
315	67	315.000000
315	277	315.000000
315	339	315.000000
315	80	315.000000
315	87	315.000000
315	170	315.000000
315	223	315.000000
315	40	315.000000
315	1	315.000000
315	345	315.000000
315	185	315.000000
315	231	315.000000
315	329	315.000000
315	203	315.000000
315	142	315.000000
315	7	315.000000
315	302	315.000000
315	303	315.000000
315	98	315.000000
315	246	315.000000
315	224	315.000000
315	249	315.000000
315	236	315.000000
315	105	314.000000
316	5	122.000000
122	136	246.000000
122	26	109.000000
122	21	122.000000
122	161	39.000000
122	344	239.000000
122	281	184.000000
122	280	169.000000
122	284	36.000000
122	66	122.000000
122	156	122.000000
122	176	122.000000
122	113	122.000000
122	271	122.000000
122	272	122.000000
122	239	122.000000
122	276	122.000000
122	252	122.000000
122	235	122.000000
122	251	122.000000
122	119	122.000000
122	170	122.000000
122	67	122.000000
122	45	122.000000
122	322	122.000000
122	3	122.000000
122	325	122.000000
122	188	122.000000
122	200	122.000000
122	142	122.000000
122	141	122.000000
122	304	122.000000
122	315	122.000000
122	261	122.000000
122	123	122.000000
122	128	122.000000
122	224	122.000000
122	104	122.000000
122	55	122.000000
122	56	122.000000
122	62	122.000000
122	297	122.000000
187	5	187.000000
187	346	187.000000
187	299	242.000000
187	194	187.000000
187	80	204.000000
187	92	187.000000
187	303	67.000000
187	242	158.000000
187	101	187.000000
187	249	204.000000
187	180	94.000000
187	266	187.000000
187	94	184.000000
235	5	87.000000
235	21	235.000000
235	156	235.000000
87	213	87.000000
87	136	87.000000
87	22	87.000000
87	161	118.000000
87	315	170.000000
87	247	120.000000
87	246	87.000000
87	339	87.000000
169	5	169.000000
169	165	169.000000
169	135	309.000000
169	26	169.000000
169	21	127.000000
169	10	169.000000
169	122	169.000000
169	125	169.000000
169	56	169.000000
169	106	329.000000
169	291	169.000000
169	318	169.000000
169	315	169.000000
169	277	169.000000
169	257	236.000000
169	109	229.000000
169	103	169.000000
169	248	252.000000
169	104	169.000000
169	334	169.000000
169	332	169.000000
169	252	169.000000
169	113	169.000000
169	40	169.000000
169	322	169.000000
169	142	169.000000
169	239	229.000000
212	104	212.000000
212	26	212.000000
212	21	212.000000
212	56	212.000000
212	40	212.000000
212	344	212.000000
212	239	212.000000
212	298	212.000000
212	252	212.000000
212	295	212.000000
212	232	212.000000
212	72	213.000000
104	212	26.000000
104	25	105.000000
104	26	104.000000
104	122	55.000000
104	55	170.000000
104	56	118.000000
104	293	19.000000
104	199	313.000000
104	277	105.000000
104	109	104.000000
104	322	104.000000
104	332	104.000000
104	113	104.000000
104	67	104.000000
104	45	104.000000
104	186	104.000000
104	188	104.000000
104	200	104.000000
104	142	104.000000
104	98	104.000000
26	133	183.000000
26	291	26.000000
26	66	26.000000
26	113	26.000000
26	313	26.000000
26	277	26.000000
26	315	26.000000
26	271	26.000000
26	62	26.000000
26	276	26.000000
26	252	26.000000
26	236	26.000000
26	119	26.000000
26	232	26.000000
26	170	26.000000
26	21	26.000000
26	223	26.000000
26	40	26.000000
26	257	26.000000
26	323	26.000000
26	3	26.000000
26	79	26.000000
26	158	26.000000
26	280	26.000000
26	188	26.000000
26	308	26.000000
26	200	26.000000
26	172	26.000000
26	142	26.000000
26	325	26.000000
26	304	26.000000
26	122	26.000000
26	109	26.000000
26	265	26.000000
26	128	26.000000
26	69	26.000000
26	248	26.000000
26	161	26.000000
26	13	26.000000
26	56	26.000000
26	123	26.000000
26	297	26.000000
26	295	26.000000
199	212	199.000000
199	211	313.000000
199	134	21.000000
199	25	199.000000
199	26	199.000000
199	161	199.000000
199	288	199.000000
199	342	313.000000
199	265	313.000000
199	128	313.000000
199	298	40.000000
199	291	158.000000
199	313	199.000000
199	315	199.000000
199	314	199.000000
199	62	199.000000
199	238	199.000000
199	113	199.000000
199	252	199.000000
199	172	199.000000
199	232	199.000000
199	82	199.000000
199	40	199.000000
199	322	199.000000
199	186	199.000000
199	325	199.000000
199	9	199.000000
199	203	199.000000
199	141	199.000000
199	98	199.000000
199	261	199.000000
199	231	199.000000
199	223	199.000000
199	13	199.000000
21	212	56.000000
21	165	121.000000
21	136	315.000000
21	25	21.000000
21	26	223.000000
21	281	21.000000
21	334	21.000000
21	197	21.000000
21	315	21.000000
21	332	21.000000
21	272	21.000000
21	274	21.000000
21	66	21.000000
21	252	21.000000
21	236	21.000000
21	251	21.000000
21	232	21.000000
21	170	21.000000
21	323	21.000000
21	40	21.000000
21	322	21.000000
21	345	21.000000
21	186	21.000000
21	184	21.000000
21	9	21.000000
21	280	21.000000
21	159	21.000000
21	284	21.000000
21	200	21.000000
21	203	21.000000
21	342	21.000000
21	304	21.000000
21	98	21.000000
21	108	21.000000
21	169	21.000000
21	127	21.000000
21	161	21.000000
21	104	21.000000
21	39	21.000000
21	121	21.000000
21	31	21.000000
21	56	21.000000
21	123	21.000000
21	297	22.000000
56	213	56.000000
56	134	304.000000
56	25	51.000000
56	26	123.000000
56	161	56.000000
56	341	56.000000
56	342	122.000000
56	122	62.000000
56	265	298.000000
56	128	56.000000
56	132	56.000000
56	55	56.000000
56	276	56.000000
56	313	56.000000
56	334	56.000000
56	315	56.000000
56	332	56.000000
56	88	56.000000
56	63	56.000000
56	239	56.000000
56	66	56.000000
56	252	56.000000
56	199	56.000000
56	119	56.000000
56	231	56.000000
56	170	56.000000
56	325	56.000000
56	271	56.000000
56	82	56.000000
56	222	56.000000
56	322	56.000000
56	186	56.000000
56	221	56.000000
56	9	56.000000
56	188	56.000000
56	200	56.000000
56	203	56.000000
56	142	56.000000
56	207	56.000000
56	303	56.000000
56	304	56.000000
56	75	56.000000
56	109	56.000000
56	103	56.000000
56	113	56.000000
56	104	56.000000
56	118	56.000000
56	30	56.000000
56	62	56.000000
56	297	56.000000
56	291	56.000000
304	212	304.000000
304	211	304.000000
304	136	304.000000
304	161	304.000000
304	347	304.000000
304	341	322.000000
304	285	304.000000
304	122	315.000000
304	199	304.000000
304	315	304.000000
304	271	304.000000
304	272	304.000000
304	277	304.000000
304	308	246.000000
304	66	304.000000
304	158	304.000000
304	113	304.000000
304	252	304.000000
304	172	304.000000
304	170	304.000000
304	40	304.000000
304	322	304.000000
304	325	304.000000
304	9	304.000000
304	200	304.000000
304	203	304.000000
304	98	304.000000
304	75	304.000000
304	168	304.000000
304	246	304.000000
304	249	304.000000
304	13	304.000000
304	30	304.000000
304	334	304.000000
40	212	344.000000
40	133	1.000000
40	25	40.000000
40	26	257.000000
40	29	40.000000
40	265	40.000000
40	132	113.000000
40	56	40.000000
40	317	40.000000
40	271	40.000000
40	274	40.000000
40	277	248.000000
40	257	40.000000
40	304	322.000000
40	334	40.000000
40	332	172.000000
40	67	40.000000
40	172	231.000000
40	169	322.000000
40	224	40.000000
40	113	325.000000
40	158	40.000000
40	239	323.000000
40	231	329.000000
40	232	322.000000
40	329	40.000000
40	200	40.000000
40	142	40.000000
40	141	40.000000
40	77	40.000000
40	72	87.000000
344	311	344.000000
344	122	344.000000
344	239	344.000000
344	257	344.000000
344	104	288.000000
271	212	271.000000
271	133	271.000000
271	25	271.000000
271	26	62.000000
271	21	271.000000
271	285	272.000000
271	122	272.000000
271	56	82.000000
271	298	271.000000
271	297	271.000000
271	291	271.000000
271	318	62.000000
271	199	271.000000
271	313	271.000000
271	315	271.000000
271	314	271.000000
271	276	271.000000
271	331	271.000000
271	332	271.000000
271	272	271.000000
271	63	271.000000
271	239	271.000000
271	113	271.000000
271	252	271.000000
271	176	271.000000
271	119	271.000000
271	172	271.000000
271	85	271.000000
271	48	271.000000
271	118	271.000000
271	322	271.000000
271	186	271.000000
271	104	271.000000
271	9	271.000000
271	188	271.000000
271	200	271.000000
271	203	271.000000
271	141	271.000000
271	325	271.000000
271	148	271.000000
271	98	271.000000
271	109	271.000000
271	169	271.000000
271	224	271.000000
271	223	271.000000
271	72	271.000000
271	13	271.000000
239	212	298.000000
239	213	239.000000
239	26	239.000000
239	21	239.000000
239	280	67.000000
239	122	276.000000
239	265	67.000000
239	56	66.000000
239	295	9.000000
239	199	239.000000
239	313	239.000000
239	271	113.000000
239	272	239.000000
239	276	239.000000
239	119	113.000000
239	118	239.000000
239	303	239.000000
239	304	239.000000
239	109	239.000000
239	104	239.000000
239	60	239.000000
239	252	172.000000
239	252	113.000000
239	172	113.000000
239	182	253.000000
239	186	113.000000
239	98	239.000000
239	223	239.000000
239	13	236.000000
239	113	239.000000
239	238	239.000000
239	232	239.000000
239	40	239.000000
239	323	239.000000
239	231	239.000000
239	200	239.000000
239	142	239.000000
239	141	239.000000
239	72	239.000000
298	26	298.000000
298	56	298.000000
298	199	298.000000
298	40	298.000000
298	72	298.000000
298	172	298.000000
67	212	67.000000
67	213	236.000000
67	136	67.000000
67	134	67.000000
67	25	26.000000
67	26	67.000000
67	21	67.000000
67	161	67.000000
67	344	67.000000
67	342	67.000000
67	285	323.000000
67	10	291.000000
67	123	67.000000
67	128	67.000000
67	69	9.000000
67	55	67.000000
67	56	67.000000
67	297	67.000000
67	290	271.000000
67	199	67.000000
67	315	277.000000
67	271	67.000000
67	272	252.000000
67	277	252.000000
67	119	67.000000
67	3	323.000000
67	308	67.000000
67	304	67.000000
67	109	252.000000
67	248	332.000000
67	31	67.000000
67	62	67.000000
67	66	9.000000
67	158	67.000000
67	196	67.000000
67	113	67.000000
67	252	67.000000
67	322	67.000000
67	169	67.000000
67	185	67.000000
67	45	67.000000
67	345	67.000000
67	186	67.000000
67	325	67.000000
67	9	67.000000
67	170	67.000000
67	200	67.000000
67	142	67.000000
67	324	67.000000
67	98	67.000000
67	75	67.000000
67	224	67.000000
67	223	67.000000
67	239	67.000000
252	212	295.000000
252	134	142.000000
252	29	231.000000
252	342	119.000000
252	280	252.000000
252	285	252.000000
252	122	235.000000
252	123	104.000000
252	265	252.000000
252	128	176.000000
252	59	238.000000
252	56	199.000000
252	297	236.000000
252	291	252.000000
252	313	252.000000
252	315	252.000000
252	271	176.000000
252	82	252.000000
252	119	100.000000
252	118	238.000000
252	308	87.000000
252	104	252.000000
252	31	237.000000
252	338	252.000000
252	334	170.000000
252	332	252.000000
252	65	261.000000
252	66	239.000000
252	172	252.000000
252	239	252.000000
252	113	252.000000
252	236	252.000000
252	170	252.000000
252	322	252.000000
252	345	252.000000
252	324	252.000000
252	325	252.000000
252	188	252.000000
252	200	252.000000
252	98	252.000000
252	72	252.000000
252	79	252.000000
252	13	252.000000
295	156	295.000000
295	239	295.000000
295	9	295.000000
295	104	295.000000
172	212	172.000000
172	211	170.000000
172	26	142.000000
172	161	339.000000
172	265	84.000000
172	128	170.000000
172	268	271.000000
172	58	107.000000
172	56	172.000000
172	199	232.000000
172	313	172.000000
172	82	172.000000
172	118	67.000000
172	308	322.000000
172	304	170.000000
172	103	172.000000
172	239	172.000000
172	113	172.000000
172	40	172.000000
172	231	172.000000
172	325	172.000000
172	329	172.000000
172	141	172.000000
172	98	172.000000
172	72	172.000000
172	223	172.000000
172	16	172.000000
232	212	72.000000
232	133	232.000000
232	26	170.000000
232	21	170.000000
232	280	40.000000
232	122	232.000000
232	56	232.000000
232	298	232.000000
232	291	232.000000
232	271	232.000000
232	172	232.000000
232	231	232.000000
232	40	232.000000
232	322	232.000000
232	200	232.000000
232	72	48.000000
72	165	72.000000
72	25	237.000000
72	26	72.000000
72	56	72.000000
72	298	172.000000
72	291	224.000000
72	199	72.000000
72	271	13.000000
72	3	72.000000
72	67	72.000000
72	172	223.000000
72	156	9.000000
72	100	323.000000
72	9	72.000000
72	329	72.000000
72	200	72.000000
72	148	261.000000
178	213	315.000000
178	257	322.000000
178	303	178.000000
178	38	178.000000
178	30	178.000000
178	345	178.000000
178	88	178.000000
178	329	178.000000
178	231	244.000000
332	213	332.000000
332	25	270.000000
332	26	332.000000
332	280	271.000000
332	10	323.000000
332	122	332.000000
332	106	88.000000
332	291	60.000000
332	277	239.000000
332	304	332.000000
332	38	322.000000
332	331	172.000000
332	158	332.000000
332	67	332.000000
332	231	332.000000
332	170	332.000000
332	40	332.000000
332	172	332.000000
332	324	332.000000
332	329	332.000000
332	203	332.000000
332	142	332.000000
332	77	332.000000
332	98	332.000000
332	224	332.000000
332	13	332.000000
272	213	130.000000
272	211	272.000000
272	25	272.000000
272	21	274.000000
272	281	272.000000
272	280	272.000000
272	127	159.000000
272	56	272.000000
272	258	40.000000
272	297	65.000000
272	197	272.000000
272	271	63.000000
272	159	272.000000
272	277	272.000000
272	67	272.000000
272	252	272.000000
272	257	272.000000
272	85	272.000000
272	320	272.000000
272	40	272.000000
272	184	272.000000
272	185	272.000000
272	188	272.000000
272	329	272.000000
272	203	272.000000
272	141	272.000000
272	148	272.000000
272	178	272.000000
272	108	272.000000
272	72	272.000000
272	105	272.000000
130	25	130.000000
130	48	130.000000
130	300	130.000000
130	191	130.000000
130	346	130.000000
130	322	130.000000
130	88	130.000000
130	277	130.000000
130	329	130.000000
136	213	136.000000
136	120	136.000000
136	339	136.000000
136	156	136.000000
136	56	136.000000
136	21	136.000000
136	315	136.000000
136	122	136.000000
136	246	136.000000
136	125	136.000000
136	7	136.000000
136	103	136.000000
136	285	136.000000
136	169	136.000000
236	26	119.000000
236	21	251.000000
236	280	119.000000
236	122	236.000000
236	69	236.000000
236	315	105.000000
236	271	236.000000
236	272	236.000000
236	84	224.000000
236	303	104.000000
236	304	236.000000
236	248	236.000000
236	245	8.000000
236	30	236.000000
236	88	336.000000
236	62	170.000000
236	67	236.000000
236	252	170.000000
236	186	323.000000
236	169	236.000000
236	200	236.000000
236	142	236.000000
236	1	236.000000
277	213	40.000000
277	130	329.000000
277	134	277.000000
277	50	119.000000
277	25	331.000000
277	26	315.000000
277	21	277.000000
277	22	347.000000
277	161	252.000000
277	342	277.000000
277	10	277.000000
277	122	277.000000
277	55	277.000000
277	56	277.000000
277	295	156.000000
277	271	277.000000
277	159	277.000000
277	334	277.000000
277	332	277.000000
277	239	277.000000
277	67	277.000000
277	252	277.000000
277	119	277.000000
277	172	277.000000
277	40	277.000000
277	248	277.000000
277	323	277.000000
277	186	277.000000
277	325	277.000000
277	9	277.000000
277	308	277.000000
277	200	277.000000
277	142	277.000000
277	208	277.000000
277	39	277.000000
277	120	277.000000
277	109	277.000000
277	168	277.000000
277	104	277.000000
277	105	277.000000
277	13	277.000000
277	204	277.000000
231	213	231.000000
231	25	322.000000
231	280	231.000000
231	106	231.000000
231	291	7.000000
231	199	223.000000
231	332	170.000000
231	250	322.000000
231	239	200.000000
231	77	231.000000
231	40	231.000000
231	329	231.000000
322	213	345.000000
322	133	322.000000
322	130	88.000000
322	136	322.000000
322	26	322.000000
322	21	345.000000
322	161	322.000000
322	342	322.000000
322	280	277.000000
322	285	322.000000
322	128	322.000000
322	297	323.000000
322	290	322.000000
322	199	186.000000
322	315	322.000000
322	276	98.000000
322	277	322.000000
322	118	322.000000
322	260	126.000000
322	7	246.000000
322	303	88.000000
322	178	322.000000
322	109	322.000000
322	242	322.000000
322	104	332.000000
322	30	73.000000
322	88	48.000000
322	339	158.000000
322	62	322.000000
322	67	169.000000
322	252	345.000000
322	170	323.000000
322	186	325.000000
322	185	9.000000
322	224	232.000000
322	158	325.000000
322	239	322.000000
322	236	322.000000
322	40	322.000000
322	87	322.000000
322	1	322.000000
322	323	322.000000
322	329	322.000000
322	200	322.000000
322	142	322.000000
322	207	322.000000
322	75	322.000000
345	285	186.000000
345	122	345.000000
345	178	88.000000
345	67	186.000000
345	142	345.000000
345	261	345.000000
345	322	345.000000
345	45	345.000000
186	213	186.000000
186	26	186.000000
186	21	184.000000
186	341	188.000000
186	122	186.000000
186	123	239.000000
186	128	9.000000
186	59	239.000000
186	55	239.000000
186	56	221.000000
186	271	104.000000
186	272	186.000000
186	303	221.000000
186	178	186.000000
186	88	186.000000
186	331	186.000000
186	252	186.000000
186	170	186.000000
186	345	142.000000
186	345	186.000000
186	239	186.000000
186	113	186.000000
186	236	186.000000
186	323	186.000000
186	322	186.000000
186	325	186.000000
186	188	186.000000
186	200	186.000000
186	221	186.000000
186	98	186.000000
340	246	340.000000
340	339	340.000000
340	324	340.000000
285	213	285.000000
285	211	203.000000
285	26	285.000000
285	342	203.000000
285	313	285.000000
285	315	285.000000
285	332	285.000000
285	271	285.000000
285	272	285.000000
285	113	285.000000
285	277	285.000000
285	119	285.000000
285	232	285.000000
285	67	285.000000
285	323	285.000000
285	345	285.000000
285	186	285.000000
285	9	285.000000
285	188	285.000000
285	200	285.000000
285	203	285.000000
285	208	285.000000
285	303	285.000000
285	98	285.000000
285	122	285.000000
285	164	285.000000
285	103	285.000000
285	10	285.000000
285	56	285.000000
285	109	285.000000
285	239	284.000000
308	213	204.000000
308	136	308.000000
308	26	200.000000
308	21	308.000000
308	22	308.000000
308	161	308.000000
308	277	200.000000
308	7	308.000000
308	334	308.000000
308	66	308.000000
308	252	308.000000
308	87	308.000000
308	172	308.000000
308	322	308.000000
308	329	308.000000
308	203	308.000000
308	304	308.000000
308	246	308.000000
303	213	122.000000
303	122	303.000000
303	132	303.000000
303	56	304.000000
303	67	303.000000
303	142	303.000000
303	345	303.000000
303	322	303.000000
303	88	303.000000
303	186	303.000000
303	221	303.000000
303	236	303.000000
303	104	303.000000
246	213	246.000000
246	25	246.000000
246	340	339.000000
246	285	246.000000
246	223	246.000000
246	322	246.000000
242	213	128.000000
242	24	180.000000
242	132	45.000000
242	57	242.000000
242	194	1.000000
242	92	101.000000
242	330	242.000000
242	254	242.000000
242	180	242.000000
242	187	242.000000
242	158	242.000000
242	266	242.000000
242	101	242.000000
242	94	242.000000
128	211	103.000000
128	122	224.000000
128	265	128.000000
128	199	128.000000
128	313	128.000000
128	315	128.000000
128	271	128.000000
128	252	128.000000
128	176	128.000000
128	172	128.000000
128	170	128.000000
128	186	128.000000
128	9	128.000000
128	98	128.000000
128	169	128.000000
128	248	128.000000
128	104	128.000000
224	213	224.000000
224	133	236.000000
224	25	69.000000
224	26	224.000000
224	285	313.000000
224	315	249.000000
224	271	223.000000
224	276	224.000000
224	304	224.000000
224	30	224.000000
224	332	13.000000
224	62	223.000000
224	67	223.000000
224	188	223.000000
224	236	224.000000
224	322	224.000000
224	232	224.000000
224	9	224.000000
224	200	224.000000
224	148	224.000000
224	261	223.000000
249	213	161.000000
249	24	249.000000
249	346	249.000000
249	57	249.000000
249	53	248.000000
249	194	249.000000
249	80	94.000000
249	92	249.000000
249	302	94.000000
249	304	13.000000
249	242	249.000000
249	330	249.000000
249	254	249.000000
249	187	249.000000
249	204	249.000000
249	94	249.000000
249	163	248.000000
161	26	13.000000
161	21	104.000000
161	339	161.000000
161	314	161.000000
161	271	161.000000
161	277	161.000000
161	252	161.000000
161	87	161.000000
161	118	161.000000
161	325	161.000000
161	9	161.000000
161	203	161.000000
161	142	161.000000
161	122	161.000000
161	39	161.000000
161	62	161.000000
96	213	96.000000
96	91	201.000000
96	190	96.000000
96	323	96.000000
96	62	96.000000
96	224	96.000000
80	213	57.000000
80	24	92.000000
80	346	80.000000
80	57	92.000000
80	299	80.000000
80	194	92.000000
80	330	80.000000
80	88	80.000000
80	101	80.000000
80	48	80.000000
80	187	80.000000
80	204	80.000000
80	266	80.000000
80	242	80.000000
80	249	80.000000
80	94	80.000000
57	24	194.000000
57	302	57.000000
57	277	57.000000
57	108	57.000000
57	184	57.000000
57	80	57.000000
57	92	57.000000
57	204	57.000000
30	213	30.000000
30	56	62.000000
30	271	30.000000
30	303	30.000000
30	304	334.000000
30	48	30.000000
30	331	30.000000
30	322	30.000000
30	73	30.000000
30	188	30.000000
30	329	30.000000
53	213	7.000000
53	130	53.000000
53	24	53.000000
53	346	53.000000
53	196	53.000000
53	191	53.000000
53	315	53.000000
53	332	53.000000
53	254	53.000000
53	322	53.000000
53	48	53.000000
53	180	53.000000
53	1	53.000000
53	146	53.000000
53	317	53.000000
53	302	53.000000
53	266	53.000000
53	242	53.000000
53	249	53.000000
53	248	53.000000
7	340	7.000000
7	129	291.000000
7	38	7.000000
7	65	7.000000
7	31	7.000000
7	304	7.000000
7	322	7.000000
7	246	7.000000
7	87	7.000000
291	213	291.000000
291	25	291.000000
291	26	66.000000
291	283	3.000000
291	199	291.000000
291	158	291.000000
291	332	291.000000
291	60	291.000000
291	113	291.000000
291	277	291.000000
291	339	291.000000
291	87	291.000000
291	231	291.000000
291	7	291.000000
291	188	291.000000
291	329	291.000000
291	208	291.000000
291	98	291.000000
291	72	291.000000
291	224	291.000000
291	31	291.000000
291	272	291.000000
211	199	211.000000
211	313	211.000000
211	315	211.000000
211	271	211.000000
211	238	211.000000
211	239	211.000000
211	172	211.000000
211	170	211.000000
211	118	211.000000
211	342	211.000000
211	285	211.000000
211	203	211.000000
211	98	211.000000
211	261	211.000000
211	128	211.000000
211	103	211.000000
211	223	211.000000
211	222	211.000000
211	59	211.000000
211	56	165.000000
313	21	313.000000
313	54	53.000000
313	56	334.000000
313	314	313.000000
313	60	313.000000
313	63	313.000000
313	238	313.000000
313	113	313.000000
313	67	313.000000
313	339	313.000000
313	119	313.000000
313	84	313.000000
313	170	313.000000
313	118	313.000000
313	325	313.000000
313	203	313.000000
313	39	313.000000
313	261	313.000000
313	223	313.000000
313	13	313.000000
331	211	331.000000
331	265	271.000000
331	56	331.000000
331	271	332.000000
331	119	331.000000
331	118	331.000000
331	109	332.000000
331	203	331.000000
331	98	331.000000
331	73	331.000000
331	324	331.000000
331	332	331.000000
331	172	330.000000
238	211	239.000000
238	134	66.000000
238	342	113.000000
238	265	238.000000
238	56	238.000000
238	106	238.000000
238	271	238.000000
238	82	238.000000
238	252	238.000000
238	172	238.000000
238	13	238.000000
238	325	238.000000
238	203	238.000000
238	261	238.000000
82	211	82.000000
82	121	236.000000
82	123	98.000000
82	59	56.000000
82	318	236.000000
82	199	40.000000
82	313	82.000000
82	314	236.000000
82	271	82.000000
82	158	82.000000
82	331	82.000000
82	65	82.000000
82	67	82.000000
82	119	82.000000
82	118	82.000000
82	170	82.000000
82	231	82.000000
82	325	82.000000
82	203	82.000000
82	261	82.000000
82	169	82.000000
82	13	82.000000
82	98	82.000000
170	25	170.000000
170	341	170.000000
170	342	172.000000
170	285	170.000000
170	122	67.000000
170	125	119.000000
170	69	304.000000
170	56	325.000000
170	290	170.000000
170	271	170.000000
170	274	85.000000
170	277	170.000000
170	82	231.000000
170	119	48.000000
170	260	170.000000
170	3	170.000000
170	67	200.000000
170	239	170.000000
170	322	170.000000
170	323	170.000000
170	185	170.000000
170	9	170.000000
170	200	170.000000
170	203	170.000000
170	98	170.000000
170	223	170.000000
29	211	29.000000
29	338	29.000000
29	16	29.000000
29	118	29.000000
29	82	29.000000
29	252	29.000000
29	231	29.000000
29	172	29.000000
118	211	342.000000
118	50	146.000000
118	26	118.000000
118	29	82.000000
118	342	118.000000
118	283	118.000000
118	265	325.000000
118	268	118.000000
118	59	271.000000
118	199	118.000000
118	313	325.000000
118	271	322.000000
118	277	118.000000
118	252	118.000000
118	238	118.000000
118	172	118.000000
118	67	118.000000
118	325	118.000000
118	200	118.000000
118	324	118.000000
118	304	118.000000
118	261	118.000000
118	109	118.000000
118	13	118.000000
118	16	118.000000
342	21	304.000000
342	199	342.000000
342	313	342.000000
342	314	342.000000
342	271	342.000000
342	238	342.000000
342	113	342.000000
342	252	342.000000
342	119	342.000000
342	170	342.000000
342	172	342.000000
342	325	342.000000
342	9	342.000000
342	285	342.000000
342	203	342.000000
342	261	342.000000
342	123	342.000000
342	223	342.000000
342	13	342.000000
342	56	342.000000
342	122	342.000000
325	211	325.000000
325	26	304.000000
325	21	325.000000
325	161	9.000000
325	342	9.000000
325	268	82.000000
325	59	325.000000
325	199	9.000000
325	277	9.000000
325	82	203.000000
325	119	13.000000
325	118	200.000000
325	304	9.000000
325	109	200.000000
325	104	325.000000
325	67	9.000000
325	172	329.000000
325	222	325.000000
325	311	325.000000
325	223	200.000000
325	13	325.000000
325	238	203.000000
325	239	325.000000
325	40	325.000000
325	200	325.000000
325	203	325.000000
203	134	203.000000
203	50	203.000000
203	25	336.000000
203	26	203.000000
203	29	203.000000
203	161	142.000000
203	122	203.000000
203	265	203.000000
203	128	203.000000
203	199	141.000000
203	313	39.000000
203	271	276.000000
203	272	141.000000
203	277	203.000000
203	119	324.000000
203	118	203.000000
203	109	203.000000
203	104	203.000000
203	338	239.000000
203	334	142.000000
203	331	98.000000
203	332	142.000000
203	67	203.000000
203	172	203.000000
203	186	203.000000
203	98	141.000000
203	223	203.000000
203	239	203.000000
203	48	322.000000
203	40	203.000000
203	322	203.000000
203	324	203.000000
203	200	203.000000
203	142	203.000000
203	261	204.000000
98	211	261.000000
98	25	98.000000
98	26	98.000000
98	21	108.000000
98	342	98.000000
98	285	122.000000
98	122	98.000000
98	265	261.000000
98	128	169.000000
98	59	98.000000
98	56	98.000000
98	199	261.000000
98	313	98.000000
98	315	246.000000
98	272	98.000000
98	277	98.000000
98	119	109.000000
98	118	98.000000
98	304	75.000000
98	109	98.000000
98	62	98.000000
98	67	75.000000
98	252	72.000000
98	170	223.000000
98	238	98.000000
98	113	98.000000
98	325	98.000000
98	203	98.000000
98	141	98.000000
98	223	98.000000
98	13	98.000000
261	342	123.000000
261	285	261.000000
261	122	123.000000
261	123	261.000000
261	268	261.000000
261	59	261.000000
261	55	261.000000
261	56	261.000000
261	297	109.000000
261	318	261.000000
261	313	223.000000
261	314	109.000000
261	271	261.000000
261	82	169.000000
261	118	109.000000
261	62	261.000000
261	64	150.000000
261	67	261.000000
261	252	261.000000
261	172	261.000000
261	345	322.000000
261	98	261.000000
261	223	13.000000
261	113	261.000000
261	239	232.000000
261	239	261.000000
261	325	261.000000
265	211	265.000000
265	26	128.000000
265	342	265.000000
265	199	265.000000
265	313	265.000000
265	331	265.000000
265	271	265.000000
265	239	265.000000
265	67	265.000000
265	172	265.000000
265	84	265.000000
265	118	265.000000
265	325	265.000000
265	98	265.000000
265	261	265.000000
265	223	265.000000
265	248	265.000000
265	56	265.000000
265	298	127.000000
103	136	285.000000
103	25	103.000000
103	56	113.000000
103	271	103.000000
103	7	103.000000
103	200	103.000000
103	323	103.000000
103	98	103.000000
103	185	103.000000
103	252	103.000000
268	211	268.000000
268	203	268.000000
268	172	268.000000
268	271	268.000000
268	325	268.000000
268	82	268.000000
268	170	268.000000
223	211	222.000000
223	21	223.000000
223	342	13.000000
223	265	248.000000
223	128	223.000000
223	56	223.000000
223	315	40.000000
223	246	322.000000
223	252	223.000000
223	186	223.000000
223	98	13.000000
223	325	223.000000
223	200	223.000000
223	261	223.000000
223	13	94.000000
222	56	322.000000
222	199	222.000000
222	313	222.000000
222	82	222.000000
222	118	222.000000
222	243	312.000000
222	238	222.000000
222	186	222.000000
13	211	13.000000
13	21	13.000000
13	265	13.000000
13	59	13.000000
13	56	13.000000
13	179	90.000000
13	194	101.000000
13	277	204.000000
13	82	98.000000
13	118	16.000000
13	109	31.000000
13	65	13.000000
13	67	13.000000
13	172	13.000000
13	188	13.000000
13	239	13.000000
13	236	13.000000
13	148	13.000000
13	261	14.000000
59	211	56.000000
59	342	59.000000
59	268	59.000000
59	203	59.000000
59	82	59.000000
59	56	59.000000
59	118	59.000000
59	271	59.000000
59	186	59.000000
59	239	59.000000
59	252	59.000000
59	238	59.000000
59	172	59.000000
200	165	200.000000
200	25	200.000000
200	21	203.000000
200	285	203.000000
200	10	142.000000
200	55	203.000000
200	56	203.000000
200	297	203.000000
200	199	200.000000
200	271	203.000000
200	274	200.000000
200	276	232.000000
200	119	200.000000
200	304	203.000000
200	248	200.000000
200	39	200.000000
200	31	200.000000
200	30	200.000000
200	334	200.000000
200	332	200.000000
200	62	200.000000
200	170	203.000000
200	188	200.000000
200	185	200.000000
200	98	200.000000
200	113	203.000000
200	236	142.000000
200	232	72.000000
200	45	200.000000
200	323	200.000000
200	325	203.000000
200	9	203.000000
200	79	200.000000
200	142	200.000000
200	75	200.000000
165	39	165.000000
165	342	165.000000
165	21	165.000000
165	121	165.000000
165	113	165.000000
165	188	165.000000
39	165	342.000000
39	25	39.000000
39	21	121.000000
39	280	98.000000
39	69	39.000000
39	277	120.000000
39	119	189.000000
39	257	304.000000
39	105	148.000000
39	141	39.000000
334	165	334.000000
334	134	334.000000
334	50	331.000000
334	26	334.000000
334	21	197.000000
334	123	334.000000
334	128	334.000000
334	132	334.000000
334	308	66.000000
334	66	334.000000
334	67	334.000000
334	252	334.000000
334	170	334.000000
334	9	334.000000
334	188	334.000000
334	203	334.000000
334	142	334.000000
334	229	334.000000
121	280	121.000000
121	39	121.000000
121	315	121.000000
121	169	121.000000
121	82	121.000000
121	236	121.000000
113	165	188.000000
113	134	248.000000
113	50	113.000000
113	25	236.000000
113	26	313.000000
113	285	277.000000
113	121	113.000000
113	291	277.000000
113	199	252.000000
113	313	67.000000
113	277	113.000000
113	304	252.000000
113	104	67.000000
113	334	113.000000
113	66	113.000000
113	67	252.000000
113	188	113.000000
113	98	325.000000
113	40	113.000000
113	325	113.000000
113	200	113.000000
113	203	113.000000
113	148	113.000000
113	158	113.000000
113	72	113.000000
188	133	188.000000
188	25	285.000000
188	21	188.000000
188	342	188.000000
188	280	188.000000
188	122	200.000000
188	258	295.000000
188	297	188.000000
188	290	277.000000
188	291	329.000000
188	315	188.000000
188	272	329.000000
188	274	188.000000
188	277	188.000000
188	119	188.000000
188	85	170.000000
188	171	150.000000
188	304	188.000000
188	104	200.000000
188	30	329.000000
188	67	188.000000
188	252	200.000000
188	176	170.000000
188	170	188.000000
188	186	200.000000
188	156	188.000000
188	239	188.000000
188	79	188.000000
188	322	188.000000
188	185	188.000000
188	9	188.000000
188	142	188.000000
188	208	188.000000
188	224	188.000000
188	223	188.000000
264	91	264.000000
264	8	264.000000
264	110	264.000000
91	264	8.000000
91	201	91.000000
91	245	91.000000
91	259	91.000000
91	8	91.000000
8	131	143.000000
8	259	8.000000
8	110	8.000000
259	264	259.000000
259	201	259.000000
259	245	259.000000
259	110	259.000000
110	218	273.000000
110	91	110.000000
110	138	19.000000
218	273	218.000000
218	4	218.000000
218	306	218.000000
218	275	218.000000
218	328	218.000000
273	306	273.000000
273	4	273.000000
273	181	273.000000
273	328	273.000000
273	78	274.000000
195	218	195.000000
195	273	195.000000
195	275	4.000000
195	181	195.000000
195	4	195.000000
195	328	195.000000
4	218	306.000000
4	273	181.000000
4	306	4.000000
4	181	328.000000
4	195	328.000000
4	152	4.000000
4	78	4.000000
306	275	328.000000
306	195	306.000000
306	181	306.000000
306	328	306.000000
181	218	181.000000
181	275	181.000000
181	306	328.000000
181	152	181.000000
181	4	181.000000
181	328	181.000000
275	218	328.000000
275	273	275.000000
275	195	275.000000
275	4	275.000000
275	306	275.000000
275	328	275.000000
328	273	78.000000
328	4	328.000000
328	78	328.000000
78	218	78.000000
78	275	78.000000
78	306	78.000000
78	181	78.000000
78	195	78.000000
78	196	204.000000
78	329	204.000000
219	147	219.000000
219	319	219.000000
219	154	219.000000
219	6	133.000000
147	219	319.000000
147	95	147.000000
147	319	147.000000
147	89	147.000000
147	6	313.000000
319	95	89.000000
319	19	319.000000
319	89	319.000000
319	6	319.000000
89	219	89.000000
89	147	6.000000
89	6	89.000000
89	19	112.000000
89	327	89.000000
154	219	6.000000
6	139	159.000000
6	318	334.000000
133	26	133.000000
133	183	133.000000
133	40	133.000000
133	1	133.000000
133	62	133.000000
133	315	133.000000
133	9	133.000000
133	280	133.000000
133	224	133.000000
133	236	133.000000
133	96	133.000000
141	133	141.000000
141	25	325.000000
141	26	141.000000
141	280	304.000000
141	56	141.000000
141	291	141.000000
141	271	325.000000
141	276	84.000000
141	257	141.000000
141	304	141.000000
141	38	339.000000
141	38	141.000000
141	67	141.000000
141	172	98.000000
141	224	141.000000
141	236	141.000000
141	9	75.000000
141	72	141.000000
1	346	320.000000
1	280	323.000000
1	54	1.000000
1	53	146.000000
1	315	345.000000
1	119	323.000000
1	88	1.000000
1	230	71.000000
1	48	1.000000
1	322	323.000000
1	73	1.000000
1	126	126.000000
1	126	126.000000
1	126	126.000000
1	126	126.000000
1	126	126.000000
1	126	126.000000
1	126	126.000000
1	126	126.000000
1	126	126.000000
1	126	126.000000
1	126	126.000000
1	126	126.000000
1	126	126.000000
1	126	126.000000
1	126	126.000000
1	126	126.000000
1	126	126.000000
1	126	126.000000
1	126	126.000000
1	126	126.000000
1	126	126.000000
1	126	126.000000
1	126	126.000000
1	126	126.000000
1	126	126.000000
1	126	126.000000
1	126	126.000000
1	126	126.000000
1	126	126.000000
1	126	126.000000
1	126	126.000000
1	126	126.000000
1	126	126.000000
1	126	126.000000
1	126	126.000000
1	126	126.000000
1	126	126.000000
1	126	126.000000
1	126	126.000000
1	126	126.000000
1	126	126.000000
1	126	126.000000
1	126	126.000000
1	126	126.000000
1	126	126.000000
1	126	126.000000
1	126	126.000000
1	126	126.000000
1	126	126.000000
1	126	126.000000
1	126	126.000000
1	126	126.000000
1	126	126.000000
1	126	126.000000
1	126	126.000000
1	126	126.000000
1	126	126.000000
1	126	126.000000
1	126	126.000000
1	126	126.000000
1	126	126.000000
1	126	126.000000
1	126	126.000000
1	126	126.000000
1	126	126.000000
1	126	126.000000
1	126	126.000000
1	126	126.000000
1	126	126.000000
1	126	126.000000
1	126	126.000000
1	126	126.000000
1	126	126.000000
1	126	126.000000
1	126	126.000000
1	126	126.000000
1	126	126.000000
1	126	126.000000
1	126	126.000000
1	126	126.000000
1	126	126.000000
1	126	126.000000
1	126	126.000000
1	126	126.000000
1	126	126.000000
1	126	126.000000
1	126	126.000000
1	126	126.000000
1	126	126.000000
1	126	126.000000
1	126	126.000000
1	126	126.000000
1	126	126.000000
1	126	126.000000
1	126	126.000000
1	126	126.000000
1	126	126.000000
1	126	126.000000
1	126	126.000000
1	126	126.000000
1	126	126.000000
1	126	126.000000
1	126	126.000000
1	126	126.000000
1	126	126.000000
1	126	126.000000
1	126	126.000000
1	126	126.000000
1	126	126.000000
1	126	126.000000
1	126	126.000000
1	126	126.000000
1	126	126.000000
1	126	126.000000
1	126	126.000000
1	126	126.000000
1	126	126.000000
1	126	126.000000
1	126	126.000000
1	126	126.000000
1	126	126.000000
1	126	126.000000
1	126	126.000000
1	126	126.000000
1	126	126.000000
1	126	126.000000
1	126	126.000000
1	126	126.000000
1	126	126.000000
1	126	126.000000
1	126	126.000000
1	126	126.000000
1	126	126.000000
1	126	126.000000
1	126	126.000000
1	126	126.000000
1	126	126.000000
1	126	126.000000
1	126	126.000000
1	126	126.000000
1	126	126.000000
1	126	126.000000
1	126	126.000000
1	126	126.000000
1	126	126.000000
1	126	126.000000
1	126	126.000000
1	126	126.000000
1	126	126.000000
1	126	126.000000
1	126	126.000000
1	126	126.000000
1	126	126.000000
1	126	126.000000
1	126	126.000000
1	126	126.000000
1	126	126.000000
1	126	126.000000
1	126	126.000000
1	126	126.000000
1	126	126.000000
1	126	126.000000
1	126	126.000000
1	126	126.000000
1	126	126.000000
1	126	126.000000
1	126	126.000000
1	126	126.000000
1	126	126.000000
1	126	126.000000
1	126	126.000000
1	126	126.000000
1	126	126.000000
1	126	126.000000
1	126	126.000000
1	126	126.000000
1	126	126.000000
1	126	126.000000
1	126	126.000000
1	126	126.000000
1	126	126.000000
1	126	126.000000
1	126	126.000000
1	126	126.000000
1	126	126.000000
1	126	126.000000
1	126	126.000000
1	126	126.000000
1	126	126.000000
1	126	126.000000
1	126	126.000000
1	126	126.000000
1	126	126.000000
1	126	126.000000
1	126	126.000000
1	126	126.000000
1	126	126.000000
1	126	126.000000
1	126	126.000000
1	126	126.000000
1	126	126.000000
1	126	126.000000
1	126	126.000000
1	126	126.000000
1	126	126.000000
1	126	126.000000
1	126	126.000000
1	126	126.000000
1	126	126.000000
1	126	126.000000
1	126	126.000000
1	126	126.000000
1	126	126.000000
1	126	126.000000
1	126	126.000000
1	126	126.000000
1	126	126.000000
1	126	126.000000
1	126	126.000000
1	126	126.000000
1	126	126.000000
1	126	126.000000
1	126	126.000000
1	126	126.000000
1	126	126.000000
1	126	126.000000
1	126	126.000000
1	126	126.000000
1	126	126.000000
1	126	126.000000
1	126	126.000000
1	126	126.000000
1	126	126.000000
1	126	126.000000
1	126	126.000000
1	126	126.000000
1	126	126.000000
1	126	126.000000
1	126	126.000000
1	126	126.000000
1	126	126.000000
1	126	126.000000
1	126	126.000000
1	126	126.000000
1	126	126.000000
1	126	126.000000
1	126	126.000000
1	126	126.000000
1	126	126.000000
1	126	126.000000
1	126	126.000000
1	126	126.000000
1	126	126.000000
1	126	126.000000
1	126	126.000000
1	126	126.000000
1	126	126.000000
1	126	126.000000
1	126	126.000000
1	126	126.000000
1	126	126.000000
1	126	126.000000
1	126	126.000000
1	126	126.000000
1	126	126.000000
1	126	126.000000
1	126	126.000000
1	126	126.000000
1	126	126.000000
1	126	126.000000
1	126	126.000000
1	126	126.000000
1	126	126.000000
1	126	126.000000
1	126	126.000000
1	126	126.000000
1	126	126.000000
1	126	126.000000
1	126	126.000000
1	126	126.000000
1	126	126.000000
1	126	126.000000
1	126	126.000000
1	126	126.000000
1	126	126.000000
1	126	126.000000
1	126	126.000000
1	126	126.000000
1	126	126.000000
1	126	126.000000
1	126	126.000000
1	126	126.000000
1	126	126.000000
1	126	126.000000
1	126	126.000000
1	126	126.000000
1	126	126.000000
1	126	126.000000
1	126	126.000000
1	126	126.000000
1	126	126.000000
1	126	126.000000
1	126	126.000000
1	126	126.000000
1	126	126.000000
1	126	126.000000
1	126	126.000000
1	126	126.000000
1	126	126.000000
1	126	126.000000
1	126	126.000000
1	126	126.000000
1	126	126.000000
1	126	126.000000
1	126	126.000000
1	126	126.000000
1	126	126.000000
1	126	126.000000
1	126	126.000000
1	126	126.000000
1	126	126.000000
1	126	126.000000
1	126	126.000000
1	126	126.000000
1	126	126.000000
1	126	126.000000
1	126	126.000000
1	126	126.000000
1	126	126.000000
1	126	126.000000
1	126	126.000000
1	126	126.000000
1	126	126.000000
1	126	126.000000
1	126	126.000000
1	126	126.000000
1	126	126.000000
1	126	126.000000
1	126	126.000000
1	126	126.000000
1	126	126.000000
1	126	126.000000
1	126	126.000000
1	126	126.000000
1	126	126.000000
1	126	126.000000
1	126	126.000000
1	126	126.000000
1	126	126.000000
1	126	126.000000
1	126	126.000000
1	126	126.000000
1	126	126.000000
1	126	126.000000
1	126	126.000000
1	126	126.000000
1	126	126.000000
1	126	126.000000
1	126	126.000000
1	126	126.000000
1	126	126.000000
1	126	126.000000
1	126	126.000000
1	126	126.000000
1	126	126.000000
1	126	126.000000
1	126	126.000000
1	126	126.000000
1	126	126.000000
1	126	126.000000
1	126	126.000000
1	126	126.000000
1	126	126.000000
1	126	126.000000
1	126	126.000000
1	126	126.000000
1	126	126.000000
1	126	126.000000
1	126	126.000000
1	126	126.000000
1	126	126.000000
1	126	126.000000
1	126	126.000000
1	126	126.000000
1	126	126.000000
1	126	126.000000
1	126	126.000000
1	126	126.000000
1	126	126.000000
1	126	126.000000
1	126	126.000000
1	126	126.000000
1	126	126.000000
1	126	126.000000
1	126	126.000000
1	126	126.000000
1	126	126.000000
1	126	126.000000
1	126	126.000000
1	126	126.000000
1	126	126.000000
1	126	126.000000
1	126	126.000000
1	126	126.000000
1	126	126.000000
1	126	126.000000
1	126	126.000000
1	126	126.000000
1	126	126.000000
1	126	126.000000
1	126	126.000000
1	126	126.000000
1	126	126.000000
1	126	126.000000
1	126	126.000000
1	126	126.000000
1	126	126.000000
1	126	126.000000
1	126	126.000000
1	126	126.000000
1	126	126.000000
1	126	126.000000
1	126	126.000000
1	126	126.000000
1	126	126.000000
1	126	126.000000
1	126	126.000000
1	126	126.000000
1	126	126.000000
1	126	126.000000
1	126	126.000000
1	126	126.000000
1	126	126.000000
1	126	126.000000
1	126	126.000000
1	126	126.000000
1	126	126.000000
1	126	126.000000
1	126	126.000000
1	126	126.000000
1	126	126.000000
1	126	126.000000
1	126	126.000000
1	126	126.000000
1	126	126.000000
1	126	126.000000
1	126	126.000000
1	126	126.000000
1	126	126.000000
1	126	126.000000
1	126	126.000000
1	126	126.000000
1	126	126.000000
1	126	126.000000
1	126	126.000000
1	126	126.000000
1	126	126.000000
1	126	126.000000
1	126	126.000000
1	126	126.000000
1	126	126.000000
1	126	126.000000
1	126	126.000000
1	126	126.000000
1	126	126.000000
1	126	126.000000
1	126	126.000000
1	126	126.000000
1	126	126.000000
1	126	126.000000
1	126	126.000000
1	126	126.000000
1	126	126.000000
1	126	126.000000
1	126	126.000000
1	126	126.000000
1	126	126.000000
1	126	126.000000
1	126	126.000000
1	126	126.000000
1	126	126.000000
1	126	126.000000
1	126	126.000000
1	126	126.000000
1	126	126.000000
1	126	126.000000
1	126	126.000000
1	126	126.000000
1	126	126.000000
1	126	126.000000
1	126	126.000000
1	126	126.000000
1	126	126.000000
1	126	126.000000
1	126	126.000000
1	126	126.000000
1	126	126.000000
1	126	126.000000
1	126	126.000000
1	126	126.000000
1	126	126.000000
1	126	126.000000
1	126	126.000000
1	126	126.000000
1	126	126.000000
1	126	126.000000
1	126	126.000000
1	126	126.000000
1	126	126.000000
1	126	126.000000
1	126	126.000000
1	126	126.000000
1	126	126.000000
1	126	126.000000
1	126	126.000000
1	126	126.000000
1	126	126.000000
1	126	126.000000
1	126	126.000000
1	126	126.000000
1	126	126.000000
1	126	126.000000
1	126	126.000000
1	126	126.000000
1	126	126.000000
1	126	126.000000
1	126	126.000000
1	126	126.000000
1	126	126.000000
1	126	126.000000
1	126	126.000000
1	126	126.000000
1	126	126.000000
1	126	126.000000
1	126	126.000000
1	126	126.000000
1	126	126.000000
1	126	126.000000
1	126	126.000000
1	126	126.000000
1	126	126.000000
1	126	126.000000
1	126	126.000000
1	126	126.000000
1	126	126.000000
1	126	126.000000
1	126	126.000000
1	126	126.000000
1	126	126.000000
1	126	126.000000
1	126	126.000000
1	126	126.000000
1	126	126.000000
1	126	126.000000
1	126	126.000000
1	126	126.000000
1	126	126.000000
1	126	126.000000
1	126	126.000000
1	126	126.000000
1	126	126.000000
1	126	126.000000
1	126	126.000000
1	126	126.000000
1	126	126.000000
1	126	126.000000
1	126	126.000000
1	126	126.000000
1	126	126.000000
1	126	126.000000
1	126	126.000000
1	126	126.000000
1	126	126.000000
1	126	126.000000
1	126	126.000000
1	126	126.000000
1	126	126.000000
1	126	126.000000
1	126	126.000000
1	126	126.000000
1	126	126.000000
1	126	126.000000
1	126	126.000000
1	126	126.000000
1	126	126.000000
1	126	126.000000
1	126	126.000000
1	126	126.000000
1	126	126.000000
1	126	126.000000
1	126	126.000000
1	126	126.000000
1	126	126.000000
1	126	126.000000
1	126	126.000000
1	126	126.000000
1	126	126.000000
1	126	126.000000
1	126	126.000000
1	126	126.000000
1	126	126.000000
1	126	126.000000
1	126	126.000000
1	126	126.000000
1	126	126.000000
1	126	126.000000
1	126	126.000000
1	126	126.000000
1	126	126.000000
1	126	126.000000
1	126	126.000000
1	126	126.000000
1	126	126.000000
1	126	126.000000
1	126	126.000000
1	126	126.000000
1	126	126.000000
1	126	126.000000
1	126	126.000000
1	126	126.000000
1	126	126.000000
1	126	126.000000
1	126	126.000000
1	126	126.000000
1	126	126.000000
1	126	126.000000
1	126	126.000000
1	126	126.000000
1	126	126.000000
1	126	126.000000
1	126	126.000000
1	126	126.000000
1	126	126.000000
1	126	126.000000
1	126	126.000000
1	126	126.000000
1	126	126.000000
1	126	126.000000
1	126	126.000000
1	126	126.000000
1	126	126.000000
1	126	126.000000
1	126	126.000000
1	126	126.000000
1	126	126.000000
1	126	126.000000
1	126	126.000000
1	126	126.000000
1	126	126.000000
1	126	126.000000
1	126	126.000000
1	126	126.000000
1	126	126.000000
1	126	126.000000
1	126	126.000000
1	126	126.000000
1	126	126.000000
1	126	126.000000
1	126	126.000000
1	126	126.000000
1	126	126.000000
1	126	126.000000
1	126	126.000000
1	126	126.000000
1	126	126.000000
1	126	126.000000
1	126	126.000000
1	126	126.000000
1	126	126.000000
1	126	126.000000
1	126	126.000000
1	126	126.000000
1	126	126.000000
1	126	126.000000
1	126	126.000000
1	126	126.000000
1	126	126.000000
1	126	126.000000
1	126	126.000000
1	126	126.000000
1	126	126.000000
1	126	126.000000
1	126	126.000000
1	126	126.000000
1	126	126.000000
1	126	126.000000
1	126	126.000000
1	126	126.000000
1	126	126.000000
1	126	126.000000
1	126	126.000000
1	126	126.000000
1	126	126.000000
1	126	126.000000
1	126	126.000000
1	126	126.000000
1	126	126.000000
1	126	126.000000
1	126	126.000000
1	126	126.000000
1	126	126.000000
1	126	126.000000
1	126	126.000000
1	126	126.000000
1	126	126.000000
1	126	126.000000
1	126	126.000000
1	126	126.000000
1	126	126.000000
1	126	126.000000
1	126	126.000000
1	126	126.000000
1	126	126.000000
1	126	126.000000
1	126	126.000000
1	126	126.000000
1	126	126.000000
1	126	126.000000
1	126	126.000000
1	126	126.000000
1	126	126.000000
1	126	126.000000
1	126	126.000000
1	126	126.000000
1	126	126.000000
1	126	126.000000
1	126	126.000000
1	126	126.000000
1	126	126.000000
1	126	126.000000
1	126	126.000000
1	126	126.000000
1	126	126.000000
1	126	126.000000
1	126	126.000000
1	126	126.000000
1	126	126.000000
1	126	126.000000
1	126	126.000000
1	126	126.000000
1	126	126.000000
1	126	126.000000
1	126	126.000000
1	126	126.000000
1	126	126.000000
1	126	126.000000
1	126	126.000000
1	126	126.000000
1	126	126.000000
1	126	126.000000
1	126	126.000000
1	126	126.000000
1	126	126.000000
1	126	126.000000
1	126	126.000000
1	126	126.000000
1	126	126.000000
1	126	126.000000
1	126	126.000000
1	126	126.000000
1	126	126.000000
1	126	126.000000
1	126	126.000000
1	126	126.000000
1	126	126.000000
1	126	126.000000
1	126	126.000000
1	126	126.000000
1	126	126.000000
1	126	126.000000
1	126	126.000000
1	126	126.000000
1	126	126.000000
1	126	126.000000
1	126	126.000000
1	126	126.000000
1	126	126.000000
1	126	126.000000
1	126	126.000000
1	126	126.000000
1	126	126.000000
1	126	126.000000
1	126	126.000000
1	126	126.000000
1	126	126.000000
1	126	126.000000
1	126	126.000000
1	126	126.000000
1	126	126.000000
1	126	126.000000
1	126	126.000000
1	126	126.000000
1	126	126.000000
1	126	126.000000
1	126	126.000000
1	126	126.000000
1	126	126.000000
1	126	126.000000
1	126	126.000000
1	126	126.000000
1	126	126.000000
1	126	126.000000
1	126	126.000000
1	126	126.000000
1	126	126.000000
1	126	126.000000
1	126	126.000000
1	126	126.000000
1	126	126.000000
1	126	126.000000
1	126	126.000000
1	126	126.000000
1	126	126.000000
1	126	126.000000
1	126	126.000000
1	126	126.000000
1	126	126.000000
1	126	126.000000
1	126	126.000000
1	126	126.000000
1	126	126.000000
1	126	126.000000
1	126	126.000000
1	126	126.000000
1	126	126.000000
1	126	126.000000
1	126	126.000000
1	126	126.000000
1	126	126.000000
1	126	126.000000
1	126	126.000000
1	126	126.000000
1	126	126.000000
1	126	126.000000
1	126	126.000000
1	126	126.000000
1	126	126.000000
1	126	126.000000
1	126	126.000000
1	126	126.000000
1	126	126.000000
1	126	126.000000
1	126	126.000000
1	126	126.000000
1	126	126.000000
1	126	126.000000
1	126	126.000000
1	126	126.000000
1	126	126.000000
1	126	126.000000
1	126	126.000000
1	126	126.000000
1	126	126.000000
1	126	126.000000
1	126	126.000000
1	126	126.000000
1	126	126.000000
1	126	126.000000
1	126	126.000000
1	126	126.000000
1	126	126.000000
1	126	126.000000
1	126	126.000000
1	126	126.000000
1	126	126.000000
1	126	126.000000
1	126	126.000000
1	126	126.000000
1	126	126.000000
1	126	126.000000
1	126	126.000000
1	126	126.000000
1	126	126.000000
1	126	126.000000
1	126	126.000000
1	126	126.000000
1	126	126.000000
1	126	126.000000
1	126	126.000000
1	126	126.000000
1	126	126.000000
1	126	126.000000
1	126	126.000000
1	126	126.000000
1	126	126.000000
1	126	126.000000
1	126	126.000000
1	126	126.000000
1	126	126.000000
1	126	126.000000
1	126	126.000000
1	126	126.000000
1	126	126.000000
1	126	126.000000
1	126	126.000000
1	126	126.000000
1	126	126.000000
1	126	126.000000
1	126	126.000000
1	126	126.000000
1	126	126.000000
1	126	126.000000
1	126	126.000000
1	126	126.000000
1	126	126.000000
1	126	126.000000
1	126	126.000000
1	126	126.000000
1	126	126.000000
1	126	126.000000
1	126	126.000000
1	126	126.000000
1	126	126.000000
1	126	126.000000
1	126	126.000000
1	126	126.000000
1	126	126.000000
1	126	126.000000
1	126	126.000000
1	126	126.000000
1	126	126.000000
1	126	126.000000
1	126	126.000000
1	126	126.000000
1	126	126.000000
1	126	126.000000
1	126	126.000000
1	126	126.000000
1	126	126.000000
1	126	126.000000
1	126	126.000000
1	126	126.000000
1	126	126.000000
1	126	126.000000
1	126	126.000000
1	126	126.000000
1	126	126.000000
1	126	126.000000
1	126	126.000000
1	126	126.000000
1	126	126.000000
1	126	126.000000
1	126	126.000000
1	126	126.000000
1	126	126.000000
1	126	126.000000
1	126	126.000000
1	126	126.000000
1	126	126.000000
1	126	126.000000
1	126	126.000000
1	126	126.000000
1	126	126.000000
1	126	126.000000
1	126	126.000000
1	126	126.000000
1	126	126.000000
1	126	126.000000
1	126	126.000000
1	126	126.000000
1	126	126.000000
1	126	126.000000
1	126	126.000000
1	126	126.000000
1	126	126.000000
1	126	126.000000
1	126	126.000000
1	126	126.000000
1	126	126.000000
1	126	126.000000
1	126	126.000000
1	126	126.000000
1	126	126.000000
1	126	126.000000
1	126	126.000000
1	126	126.000000
1	126	126.000000
1	126	126.000000
1	126	126.000000
1	126	126.000000
1	126	126.000000
1	126	126.000000
1	126	126.000000
1	126	126.000000
1	126	126.000000
1	126	126.000000
1	126	126.000000
1	126	126.000000
1	126	126.000000
1	126	126.000000
1	126	126.000000
1	126	126.000000
1	126	126.000000
1	126	126.000000
1	126	126.000000
1	126	126.000000
1	126	126.000000
1	126	126.000000
1	126	126.000000
1	126	126.000000
1	126	126.000000
1	126	126.000000
1	126	126.000000
1	126	126.000000
1	126	126.000000
1	126	126.000000
1	126	126.000000
1	126	126.000000
1	126	126.000000
1	126	126.000000
1	126	126.000000
1	126	126.000000
1	126	126.000000
1	126	126.000000
1	126	126.000000
1	126	126.000000
1	126	126.000000
1	126	126.000000
1	126	126.000000
1	126	126.000000
1	126	126.000000
1	126	126.000000
1	126	126.000000
1	126	126.000000
1	126	126.000000
1	126	126.000000
1	126	126.000000
1	126	126.000000
1	126	126.000000
1	126	126.000000
1	126	126.000000
1	126	126.000000
1	126	126.000000
1	126	126.000000
1	126	126.000000
1	126	126.000000
1	126	126.000000
1	126	126.000000
1	126	126.000000
1	126	126.000000
1	126	126.000000
1	126	126.000000
1	126	126.000000
1	126	126.000000
1	126	126.000000
1	126	126.000000
1	126	126.000000
1	126	126.000000
1	126	126.000000
1	126	126.000000
1	126	126.000000
1	126	126.000000
1	126	126.000000
1	126	126.000000
1	126	126.000000
1	126	126.000000
1	126	126.000000
1	126	126.000000
1	126	126.000000
1	126	126.000000
1	126	126.000000
1	126	126.000000
1	126	126.000000
1	126	126.000000
1	126	126.000000
1	126	126.000000
1	126	126.000000
1	126	126.000000
1	126	126.000000
1	126	126.000000
1	126	126.000000
1	126	126.000000
1	126	126.000000
1	126	126.000000
1	126	126.000000
1	126	126.000000
1	126	126.000000
1	126	126.000000
1	126	126.000000
1	126	126.000000
1	126	126.000000
1	126	126.000000
1	126	126.000000
1	126	126.000000
1	126	126.000000
1	126	126.000000
1	126	126.000000
1	126	126.000000
1	126	126.000000
1	126	126.000000
1	126	126.000000
1	126	126.000000
1	126	126.000000
1	126	126.000000
1	126	126.000000
1	126	126.000000
1	126	126.000000
1	126	126.000000
1	126	126.000000
1	126	126.000000
1	126	126.000000
1	126	126.000000
1	126	126.000000
1	126	126.000000
1	126	126.000000
1	126	126.000000
1	126	126.000000
1	126	126.000000
1	126	126.000000
1	126	126.000000
1	126	126.000000
1	126	126.000000
1	126	126.000000
1	126	126.000000
1	126	126.000000
1	126	126.000000
1	126	126.000000
1	126	126.000000
1	126	126.000000
1	126	126.000000
1	126	126.000000
1	126	126.000000
1	126	126.000000
1	126	126.000000
1	126	126.000000
1	126	126.000000
1	126	126.000000
1	126	126.000000
1	126	126.000000
1	126	126.000000
1	126	126.000000
1	126	126.000000
1	126	126.000000
1	126	126.000000
1	126	126.000000
1	126	126.000000
1	126	126.000000
1	126	126.000000
1	126	126.000000
1	126	126.000000
1	126	126.000000
1	126	126.000000
1	126	126.000000
1	126	126.000000
1	126	126.000000
1	126	126.000000
1	126	126.000000
1	126	126.000000
1	126	126.000000
1	126	126.000000
1	126	126.000000
1	126	126.000000
1	126	126.000000
1	126	126.000000
1	126	126.000000
1	126	126.000000
1	126	126.000000
1	126	126.000000
1	126	126.000000
1	126	126.000000
1	126	126.000000
1	126	126.000000
1	126	126.000000
1	126	126.000000
1	126	126.000000
1	126	126.000000
1	126	126.000000
1	126	126.000000
1	126	126.000000
1	126	126.000000
1	126	126.000000
1	126	126.000000
1	126	126.000000
1	126	126.000000
1	126	126.000000
1	126	126.000000
1	126	126.000000
1	126	126.000000
1	126	126.000000
1	126	126.000000
1	126	126.000000
1	126	126.000000
1	126	126.000000
1	126	126.000000
1	126	126.000000
1	126	126.000000
1	126	126.000000
1	126	126.000000
1	126	126.000000
1	126	126.000000
1	126	126.000000
1	126	126.000000
1	126	126.000000
1	126	126.000000
1	126	126.000000
1	126	126.000000
1	126	126.000000
1	126	126.000000
1	126	126.000000
1	126	126.000000
1	126	126.000000
1	126	126.000000
1	126	126.000000
1	126	126.000000
1	126	126.000000
1	126	126.000000
1	126	126.000000
1	126	126.000000
1	126	126.000000
1	126	126.000000
1	126	126.000000
1	126	126.000000
1	126	126.000000
1	126	126.000000
1	126	126.000000
1	126	126.000000
1	126	126.000000
1	126	126.000000
1	126	126.000000
1	126	126.000000
1	126	126.000000
1	126	126.000000
1	126	126.000000
1	126	126.000000
1	126	126.000000
1	126	126.000000
1	126	126.000000
1	126	126.000000
1	126	126.000000
1	126	126.000000
1	126	126.000000
1	126	126.000000
1	126	126.000000
1	126	126.000000
1	126	126.000000
1	126	126.000000
1	126	126.000000
1	126	126.000000
1	126	126.000000
1	126	126.000000
1	126	126.000000
1	126	126.000000
1	126	126.000000
1	126	126.000000
1	126	126.000000
1	126	126.000000
1	126	126.000000
1	126	126.000000
1	126	126.000000
1	126	126.000000
1	126	126.000000
1	126	126.000000
1	126	126.000000
1	126	126.000000
1	126	126.000000
1	126	126.000000
1	126	126.000000
1	126	126.000000
1	126	126.000000
1	126	126.000000
1	126	126.000000
1	126	126.000000
1	126	126.000000
1	126	126.000000
1	126	126.000000
1	126	126.000000
1	126	126.000000
1	126	126.000000
1	126	126.000000
1	126	126.000000
1	126	126.000000
1	126	126.000000
1	126	126.000000
1	126	126.000000
1	126	126.000000
1	126	126.000000
1	126	126.000000
1	126	126.000000
1	126	126.000000
1	126	126.000000
1	126	126.000000
1	126	126.000000
1	126	126.000000
1	126	126.000000
1	126	126.000000
1	126	126.000000
1	126	126.000000
1	126	126.000000
1	126	126.000000
1	126	126.000000
1	126	126.000000
1	126	126.000000
1	126	126.000000
1	126	126.000000
1	126	126.000000
1	126	126.000000
1	126	126.000000
1	126	126.000000
1	126	126.000000
1	126	126.000000
1	126	126.000000
1	126	126.000000
1	126	126.000000
1	126	126.000000
1	126	126.000000
1	126	126.000000
1	126	126.000000
1	126	126.000000
1	126	126.000000
1	126	126.000000
1	126	126.000000
1	126	126.000000
1	126	126.000000
1	126	126.000000
1	126	126.000000
1	126	126.000000
1	126	126.000000
1	126	126.000000
1	126	126.000000
1	126	126.000000
1	126	126.000000
1	126	126.000000
1	126	126.000000
1	126	126.000000
1	126	126.000000
1	126	126.000000
1	126	126.000000
1	126	126.000000
1	126	126.000000
1	126	126.000000
1	126	126.000000
1	126	126.000000
1	126	126.000000
1	126	126.000000
1	126	126.000000
1	126	126.000000
1	126	126.000000
1	126	126.000000
1	126	126.000000
1	126	126.000000
1	126	126.000000
1	126	126.000000
1	126	126.000000
1	126	126.000000
1	126	126.000000
1	126	126.000000
1	126	126.000000
1	126	126.000000
1	126	126.000000
1	126	126.000000
1	126	126.000000
1	126	126.000000
1	126	126.000000
1	126	126.000000
1	126	126.000000
1	126	126.000000
1	126	126.000000
1	126	126.000000
1	126	126.000000
1	126	126.000000
1	126	126.000000
1	126	126.000000
1	126	126.000000
1	126	126.000000
1	126	126.000000
1	126	126.000000
1	126	126.000000
1	126	126.000000
1	126	126.000000
1	126	126.000000
1	126	126.000000
1	126	126.000000
1	126	126.000000
1	126	126.000000
1	126	126.000000
1	126	126.000000
1	126	126.000000
1	126	126.000000
1	126	126.000000
1	126	126.000000
1	126	126.000000
1	126	126.000000
1	126	126.000000
1	126	126.000000
1	126	126.000000
1	126	126.000000
1	126	126.000000
1	126	126.000000
1	126	126.000000
1	126	126.000000
1	126	126.000000
1	126	126.000000
1	126	126.000000
1	126	126.000000
1	126	126.000000
1	126	126.000000
1	126	126.000000
1	126	126.000000
1	126	126.000000
1	126	126.000000
1	126	126.000000
1	126	126.000000
1	126	126.000000
1	126	126.000000
1	126	126.000000
1	126	126.000000
1	126	126.000000
1	126	126.000000
1	126	126.000000
1	126	126.000000
1	126	126.000000
1	126	126.000000
1	126	126.000000
1	126	126.000000
1	126	126.000000
1	126	126.000000
1	126	126.000000
1	126	126.000000
1	126	126.000000
1	126	126.000000
1	126	126.000000
1	126	126.000000
1	126	126.000000
1	126	126.000000
1	126	126.000000
1	126	126.000000
1	126	126.000000
1	126	126.000000
1	126	126.000000
1	126	126.000000
1	126	126.000000
1	126	126.000000
1	126	126.000000
1	126	126.000000
1	126	126.000000
1	126	126.000000
1	126	126.000000
1	126	126.000000
1	126	126.000000
1	126	126.000000
1	126	126.000000
1	126	126.000000
1	126	126.000000
1	126	126.000000
1	126	126.000000
1	126	126.000000
1	126	126.000000
1	126	126.000000
1	126	126.000000
1	126	126.000000
1	126	126.000000
1	126	126.000000
1	126	126.000000
1	126	126.000000
1	126	126.000000
1	126	126.000000
1	126	126.000000
1	126	126.000000
1	126	126.000000
1	126	126.000000
1	126	126.000000
1	126	126.000000
1	126	126.000000
1	126	126.000000
1	126	126.000000
1	126	126.000000
1	126	126.000000
1	126	126.000000
1	126	126.000000
1	126	126.000000
1	126	126.000000
1	126	126.000000
1	126	126.000000
1	126	126.000000
1	126	126.000000
1	126	126.000000
1	126	126.000000
1	126	126.000000
1	126	126.000000
1	126	126.000000
1	126	126.000000
1	126	126.000000
1	126	126.000000
1	126	126.000000
1	126	126.000000
1	126	126.000000
1	126	126.000000
1	126	126.000000
1	126	126.000000
1	126	126.000000
1	126	126.000000
1	126	126.000000
1	126	126.000000
1	126	126.000000
1	126	126.000000
1	126	126.000000
1	126	126.000000
1	126	126.000000
1	126	126.000000
1	126	126.000000
1	126	126.000000
1	126	126.000000
1	126	126.000000
1	126	126.000000
1	126	126.000000
1	126	126.000000
1	126	126.000000
1	126	126.000000
1	126	126.000000
1	126	126.000000
1	126	126.000000
1	126	126.000000
1	126	126.000000
1	126	126.000000
1	126	126.000000
1	126	126.000000
1	126	126.000000
1	126	126.000000
1	126	126.000000
1	126	126.000000
1	126	126.000000
1	126	126.000000
1	126	126.000000
1	126	126.000000
1	126	126.000000
1	126	126.000000
1	126	126.000000
1	126	126.000000
1	126	126.000000
1	126	126.000000
1	126	126.000000
1	126	126.000000
1	126	126.000000
1	126	126.000000
1	126	126.000000
1	126	126.000000
1	126	126.000000
1	126	126.000000
1	126	126.000000
1	126	126.000000
1	126	126.000000
1	126	126.000000
1	126	126.000000
1	126	126.000000
1	126	126.000000
1	126	126.000000
1	126	126.000000
1	126	126.000000
1	126	126.000000
1	126	126.000000
1	126	126.000000
1	126	126.000000
1	126	126.000000
1	126	126.000000
1	126	126.000000
1	126	126.000000
1	126	126.000000
1	126	126.000000
1	126	126.000000
1	126	126.000000
1	126	126.000000
1	126	126.000000
1	126	126.000000
1	126	126.000000
1	126	126.000000
1	126	126.000000
1	126	126.000000
1	126	126.000000
1	126	126.000000
1	126	126.000000
1	126	126.000000
1	126	126.000000
1	126	126.000000
1	126	126.000000
1	126	126.000000
1	126	126.000000
1	126	126.000000
1	126	126.000000
1	126	126.000000
1	126	126.000000
1	126	126.000000
1	126	126.000000
1	126	126.000000
1	126	126.000000
1	126	126.000000
1	126	126.000000
1	126	126.000000
1	126	126.000000
1	126	126.000000
1	126	126.000000
1	126	126.000000
1	126	126.000000
1	126	126.000000
1	126	126.000000
1	126	126.000000
1	126	126.000000
1	126	126.000000
1	126	126.000000
1	126	126.000000
1	126	126.000000
1	126	126.000000
1	126	126.000000
1	126	126.000000
1	126	126.000000
1	126	126.000000
1	126	126.000000
1	126	126.000000
1	126	126.000000
1	126	126.000000
1	126	126.000000
1	126	126.000000
1	126	126.000000
1	126	126.000000
1	126	126.000000
1	126	126.000000
1	126	126.000000
1	126	126.000000
1	126	126.000000
1	126	126.000000
1	126	126.000000
1	126	126.000000
1	126	126.000000
1	126	126.000000
1	126	126.000000
1	126	126.000000
1	126	126.000000
1	126	126.000000
1	126	126.000000
1	126	126.000000
1	126	126.000000
1	126	126.000000
1	126	126.000000
1	126	126.000000
1	126	126.000000
1	126	126.000000
1	126	126.000000
1	126	126.000000
1	126	126.000000
1	126	126.000000
1	126	126.000000
1	126	126.000000
1	126	126.000000
1	126	126.000000
1	126	126.000000
1	126	126.000000
1	126	126.000000
1	126	126.000000
1	126	126.000000
1	126	126.000000
1	126	126.000000
1	126	126.000000
1	126	126.000000
1	126	126.000000
1	126	126.000000
1	126	126.000000
1	126	126.000000
1	126	126.000000
1	126	126.000000
1	126	126.000000
1	126	126.000000
1	126	126.000000
1	126	126.000000
1	126	126.000000
1	126	126.000000
1	126	126.000000
1	126	126.000000
1	126	126.000000
1	126	126.000000
1	126	126.000000
1	126	126.000000
1	126	126.000000
1	126	126.000000
1	126	126.000000
1	126	126.000000
1	126	126.000000
1	126	126.000000
1	126	126.000000
1	126	126.000000
1	126	126.000000
1	126	126.000000
62	133	315.000000
62	130	62.000000
62	344	311.000000
62	341	274.000000
62	199	238.000000
62	276	62.000000
62	239	62.000000
62	236	62.000000
62	170	62.000000
62	323	62.000000
62	186	62.000000
62	142	62.000000
62	141	62.000000
62	224	62.000000
62	223	62.000000
276	133	276.000000
276	25	276.000000
276	26	252.000000
276	141	276.000000
276	84	276.000000
276	322	276.000000
276	98	276.000000
276	9	276.000000
276	236	276.000000
276	200	276.000000
276	232	277.000000
9	133	280.000000
9	134	9.000000
9	26	9.000000
9	21	280.000000
9	341	9.000000
9	285	188.000000
9	122	9.000000
9	56	188.000000
9	258	9.000000
9	291	9.000000
9	315	9.000000
9	271	188.000000
9	272	9.000000
9	276	236.000000
9	105	9.000000
9	30	9.000000
9	334	188.000000
9	252	9.000000
9	176	9.000000
9	186	9.000000
9	169	9.000000
9	224	200.000000
9	113	9.000000
9	231	9.000000
9	232	9.000000
9	322	9.000000
9	200	9.000000
9	203	9.000000
9	141	9.000000
9	75	9.000000
9	79	9.000000
9	329	9.000000
280	25	280.000000
280	26	188.000000
280	322	280.000000
280	277	280.000000
280	332	280.000000
280	271	280.000000
280	239	280.000000
280	67	280.000000
280	236	280.000000
280	119	280.000000
280	232	280.000000
280	40	280.000000
280	1	280.000000
280	323	280.000000
280	185	280.000000
280	9	280.000000
280	329	280.000000
280	200	280.000000
280	141	280.000000
280	304	280.000000
280	122	280.000000
280	169	280.000000
280	39	280.000000
280	98	280.000000
280	117	280.000000
280	297	280.000000
280	291	280.000000
201	8	319.000000
193	91	193.000000
193	259	193.000000
193	8	193.000000
193	62	239.000000
245	91	259.000000
245	23	61.000000
245	259	110.000000
245	8	39.000000
131	143	131.000000
131	227	131.000000
131	177	131.000000
131	225	131.000000
143	225	177.000000
143	68	143.000000
143	3	200.000000
143	177	46.000000
143	98	238.000000
143	278	143.000000
143	321	117.000000
99	131	99.000000
99	225	99.000000
99	68	227.000000
99	263	102.000000
99	296	99.000000
99	177	99.000000
99	175	99.000000
99	227	99.000000
99	143	99.000000
227	131	177.000000
227	23	227.000000
227	263	227.000000
227	102	227.000000
227	177	278.000000
227	175	143.000000
227	278	227.000000
227	143	227.000000
227	86	227.000000
177	68	177.000000
177	143	177.000000
177	46	177.000000
177	227	177.000000
177	278	177.000000
177	175	177.000000
278	131	278.000000
278	225	227.000000
278	175	278.000000
278	99	278.000000
278	227	143.000000
278	143	321.000000
278	46	278.000000
278	86	238.000000
225	130	25.000000
225	143	225.000000
225	177	225.000000
225	278	225.000000
225	227	225.000000
225	86	225.000000
225	68	24.000000
25	113	25.000000
25	236	25.000000
25	277	25.000000
25	331	25.000000
25	332	25.000000
25	270	25.000000
25	88	25.000000
25	239	25.000000
25	83	25.000000
25	252	25.000000
25	72	25.000000
25	237	25.000000
25	257	25.000000
25	232	25.000000
25	67	25.000000
25	26	25.000000
25	323	25.000000
25	79	25.000000
25	231	25.000000
25	322	25.000000
25	3	25.000000
25	186	25.000000
25	185	25.000000
25	9	25.000000
25	188	25.000000
25	285	25.000000
25	203	25.000000
25	336	25.000000
25	141	25.000000
25	325	25.000000
25	76	25.000000
25	122	25.000000
25	73	25.000000
25	169	25.000000
25	224	25.000000
25	69	25.000000
25	104	25.000000
25	105	25.000000
25	65	25.000000
25	283	25.000000
25	56	25.000000
25	51	25.000000
25	297	25.000000
25	290	25.000000
48	130	300.000000
48	54	48.000000
48	57	48.000000
48	53	180.000000
48	199	48.000000
48	302	180.000000
48	30	331.000000
48	330	196.000000
48	332	48.000000
48	180	48.000000
48	203	48.000000
48	322	48.000000
48	73	48.000000
48	126	45.000000
300	346	300.000000
300	299	300.000000
300	80	300.000000
300	320	300.000000
191	130	346.000000
346	24	187.000000
346	194	346.000000
346	330	346.000000
346	272	346.000000
346	254	346.000000
346	92	346.000000
346	1	346.000000
346	320	346.000000
346	184	346.000000
346	204	346.000000
346	302	346.000000
346	242	346.000000
346	127	346.000000
346	101	346.000000
346	94	346.000000
346	57	346.000000
346	299	346.000000
88	25	239.000000
88	21	88.000000
88	56	63.000000
88	53	88.000000
88	201	8.000000
88	242	88.000000
88	322	88.000000
88	48	88.000000
88	73	88.000000
88	126	88.000000
88	236	88.000000
88	336	8.000000
73	130	73.000000
73	25	169.000000
73	299	73.000000
73	88	126.000000
73	331	324.000000
73	48	126.000000
73	126	73.000000
329	280	200.000000
329	284	159.000000
329	269	119.000000
329	54	119.000000
329	315	203.000000
329	119	146.000000
329	308	203.000000
329	178	231.000000
329	4	152.000000
329	16	329.000000
329	155	157.000000
329	40	200.000000
329	322	200.000000
329	326	149.000000
329	324	200.000000
329	204	329.000000
257	130	257.000000
257	25	232.000000
257	344	104.000000
257	280	257.000000
257	258	291.000000
257	295	257.000000
257	315	257.000000
257	272	85.000000
257	322	257.000000
257	39	257.000000
257	304	257.000000
257	169	257.000000
257	236	257.000000
337	41	337.000000
337	243	337.000000
337	32	337.000000
337	111	337.000000
310	137	310.000000
310	41	115.000000
310	28	310.000000
310	151	310.000000
310	14	310.000000
310	32	310.000000
310	337	310.000000
310	243	310.000000
310	93	310.000000
32	310	337.000000
32	167	337.000000
32	93	32.000000
93	137	167.000000
93	41	93.000000
93	167	93.000000
93	337	93.000000
93	111	93.000000
167	310	167.000000
167	242	330.000000
167	32	167.000000
167	337	167.000000
120	136	339.000000
339	22	7.000000
339	129	31.000000
339	291	87.000000
339	313	119.000000
339	315	80.000000
339	277	339.000000
339	119	261.000000
339	7	339.000000
339	103	339.000000
339	31	338.000000
339	246	339.000000
339	152	339.000000
339	334	339.000000
339	322	339.000000
339	158	339.000000
339	148	339.000000
339	168	339.000000
146	136	146.000000
146	285	146.000000
146	313	146.000000
146	317	158.000000
146	339	146.000000
146	148	146.000000
125	136	7.000000
125	119	125.000000
135	309	135.000000
135	36	135.000000
135	320	135.000000
135	127	135.000000
135	281	135.000000
135	284	135.000000
309	281	309.000000
309	284	309.000000
309	127	309.000000
309	197	329.000000
309	36	309.000000
309	320	309.000000
309	251	309.000000
197	135	197.000000
197	139	197.000000
197	284	197.000000
197	127	197.000000
197	309	197.000000
197	329	197.000000
197	159	197.000000
197	36	197.000000
197	184	197.000000
197	251	197.000000
36	135	320.000000
36	281	108.000000
36	127	320.000000
36	309	320.000000
36	184	36.000000
36	320	36.000000
320	139	184.000000
320	281	320.000000
320	68	263.000000
320	57	320.000000
320	197	320.000000
320	272	40.000000
320	80	320.000000
320	251	320.000000
320	184	329.000000
320	158	232.000000
320	48	320.000000
320	329	320.000000
184	135	184.000000
184	346	204.000000
184	284	127.000000
184	127	184.000000
184	197	251.000000
184	272	185.000000
184	309	184.000000
184	108	184.000000
184	36	320.000000
184	320	184.000000
184	329	312.000000
127	135	281.000000
127	139	127.000000
127	346	101.000000
127	281	127.000000
127	272	127.000000
127	159	127.000000
127	36	127.000000
127	320	127.000000
127	108	127.000000
127	251	128.000000
281	139	251.000000
281	122	281.000000
281	184	281.000000
281	159	281.000000
281	197	281.000000
281	36	281.000000
281	108	281.000000
281	251	281.000000
281	284	280.000000
251	135	251.000000
251	281	284.000000
251	284	251.000000
251	122	119.000000
251	300	320.000000
251	108	320.000000
251	36	251.000000
251	184	251.000000
284	134	26.000000
284	139	284.000000
284	329	284.000000
284	159	284.000000
284	122	284.000000
284	36	284.000000
284	184	284.000000
284	127	284.000000
284	320	284.000000
134	26	134.000000
134	199	134.000000
134	21	134.000000
134	56	134.000000
134	304	134.000000
134	113	134.000000
134	248	134.000000
134	238	134.000000
134	66	134.000000
134	252	134.000000
134	142	134.000000
134	118	134.000000
248	21	248.000000
248	122	248.000000
248	128	104.000000
248	291	248.000000
248	119	79.000000
248	38	248.000000
248	158	248.000000
248	67	248.000000
248	332	248.000000
248	169	248.000000
248	252	248.000000
132	134	132.000000
132	242	132.000000
132	45	132.000000
132	158	132.000000
132	311	132.000000
132	317	132.000000
132	277	132.000000
132	40	132.000000
132	113	132.000000
132	119	132.000000
132	72	55.000000
66	21	252.000000
66	122	156.000000
66	304	158.000000
66	334	67.000000
66	252	66.000000
66	239	66.000000
66	67	66.000000
66	9	67.000000
142	21	142.000000
142	280	142.000000
142	285	142.000000
142	122	141.000000
142	123	55.000000
142	56	207.000000
142	297	142.000000
142	315	7.000000
142	271	142.000000
142	277	208.000000
142	3	142.000000
142	308	142.000000
142	303	345.000000
142	109	148.000000
142	104	98.000000
142	31	168.000000
142	62	141.000000
142	66	142.000000
142	67	324.000000
142	252	142.000000
142	170	142.000000
142	186	142.000000
142	188	208.000000
142	169	239.000000
142	113	142.000000
142	158	142.000000
142	239	141.000000
142	45	322.000000
142	40	141.000000
142	322	207.000000
142	323	141.000000
142	9	142.000000
142	200	75.000000
142	203	261.000000
50	146	50.000000
50	334	50.000000
50	331	50.000000
50	314	50.000000
50	109	50.000000
50	277	50.000000
50	119	95.000000
148	50	148.000000
148	25	148.000000
148	271	98.000000
148	272	178.000000
148	82	148.000000
148	119	148.000000
148	339	168.000000
148	176	239.000000
148	185	169.000000
148	98	148.000000
148	229	148.000000
148	224	261.000000
148	13	261.000000
148	113	158.000000
148	9	148.000000
148	200	79.000000
148	261	73.000000
314	50	109.000000
314	161	271.000000
314	342	271.000000
314	96	314.000000
314	313	60.000000
314	261	314.000000
314	109	314.000000
314	82	314.000000
314	236	270.000000
109	21	109.000000
109	285	239.000000
109	122	109.000000
109	295	109.000000
109	271	169.000000
109	277	168.000000
109	303	109.000000
109	304	109.000000
109	331	109.000000
109	332	109.000000
109	67	109.000000
109	252	109.000000
109	323	109.000000
109	186	109.000000
109	325	109.000000
109	200	109.000000
109	142	109.000000
109	148	109.000000
109	169	109.000000
109	229	109.000000
109	13	109.000000
109	31	241.000000
95	319	95.000000
95	89	95.000000
95	6	95.000000
327	95	327.000000
327	319	327.000000
139	159	139.000000
139	320	139.000000
139	184	139.000000
139	281	139.000000
139	251	139.000000
159	21	284.000000
159	281	197.000000
159	197	36.000000
159	272	277.000000
159	277	334.000000
159	108	36.000000
159	172	159.000000
159	345	159.000000
159	184	159.000000
159	320	159.000000
151	41	312.000000
151	28	144.000000
151	310	14.000000
151	312	151.000000
151	14	151.000000
44	41	28.000000
44	20	343.000000
44	312	326.000000
44	150	324.000000
28	151	28.000000
28	144	28.000000
28	140	28.000000
28	312	28.000000
28	115	28.000000
28	116	28.000000
28	226	28.000000
28	149	29.000000
144	23	144.000000
144	343	116.000000
144	151	144.000000
144	17	144.000000
144	140	144.000000
144	115	144.000000
144	116	144.000000
144	226	144.000000
144	149	315.000000
226	20	226.000000
226	28	149.000000
226	144	149.000000
226	2	226.000000
226	14	226.000000
226	115	226.000000
226	116	226.000000
175	225	175.000000
175	121	39.000000
175	277	175.000000
175	103	200.000000
175	34	173.000000
175	227	175.000000
175	143	175.000000
175	19	175.000000
175	321	175.000000
175	86	175.000000
86	225	68.000000
86	177	86.000000
86	251	184.000000
86	226	14.000000
68	263	68.000000
68	99	68.000000
68	227	68.000000
68	296	68.000000
68	175	286.000000
101	24	101.000000
101	53	101.000000
101	299	249.000000
101	144	151.000000
101	80	48.000000
101	302	101.000000
101	204	101.000000
101	330	101.000000
101	180	101.000000
101	249	101.000000
101	254	101.000000
101	266	249.000000
24	57	24.000000
24	194	24.000000
24	242	24.000000
24	180	24.000000
24	346	24.000000
24	187	24.000000
24	80	24.000000
24	92	24.000000
24	94	24.000000
24	266	25.000000
194	53	194.000000
194	299	302.000000
194	101	194.000000
194	302	194.000000
194	196	194.000000
194	242	194.000000
194	1	194.000000
194	80	194.000000
194	92	194.000000
194	94	194.000000
194	254	194.000000
302	24	302.000000
302	346	242.000000
302	57	277.000000
302	194	196.000000
302	315	303.000000
302	48	302.000000
302	180	302.000000
302	266	302.000000
302	242	302.000000
302	249	302.000000
302	94	302.000000
302	187	302.000000
299	24	299.000000
299	347	339.000000
299	53	299.000000
299	92	299.000000
299	48	299.000000
299	194	299.000000
299	302	299.000000
299	330	299.000000
299	1	299.000000
299	187	299.000000
299	242	299.000000
299	101	299.000000
299	249	299.000000
299	254	299.000000
92	53	92.000000
92	299	48.000000
92	80	92.000000
92	204	92.000000
92	302	92.000000
92	330	92.000000
92	1	92.000000
92	242	92.000000
92	101	92.000000
92	94	92.000000
92	254	92.000000
94	24	266.000000
94	25	94.000000
94	346	57.000000
94	53	94.000000
94	299	94.000000
94	194	254.000000
94	315	94.000000
94	92	254.000000
94	300	94.000000
94	102	99.000000
94	101	94.000000
94	249	163.000000
94	330	254.000000
94	254	94.000000
94	266	94.000000
94	320	162.000000
266	346	266.000000
266	53	242.000000
266	194	266.000000
266	80	242.000000
266	92	266.000000
266	302	242.000000
266	242	101.000000
266	249	266.000000
266	330	266.000000
266	170	239.000000
266	180	266.000000
266	187	94.000000
266	196	266.000000
266	94	320.000000
266	204	266.000000
270	203	270.000000
83	25	252.000000
83	23	175.000000
83	31	83.000000
83	237	83.000000
176	25	176.000000
176	26	176.000000
176	122	113.000000
176	290	176.000000
176	119	332.000000
176	85	176.000000
176	148	176.000000
176	239	176.000000
176	188	176.000000
176	170	175.000000
237	23	237.000000
237	51	237.000000
237	84	304.000000
323	25	79.000000
323	26	3.000000
323	21	40.000000
323	341	323.000000
323	96	62.000000
323	122	323.000000
323	56	323.000000
323	258	323.000000
323	290	185.000000
323	315	323.000000
323	271	323.000000
323	274	185.000000
323	277	186.000000
323	85	323.000000
323	308	323.000000
323	109	186.000000
323	103	98.000000
323	248	323.000000
323	332	323.000000
323	62	186.000000
323	67	323.000000
323	188	323.000000
323	9	323.000000
323	142	323.000000
323	141	323.000000
79	26	158.000000
79	271	79.000000
79	272	79.000000
79	67	79.000000
79	252	13.000000
79	188	322.000000
79	185	79.000000
79	9	329.000000
288	25	288.000000
288	315	288.000000
3	25	186.000000
3	280	3.000000
3	122	325.000000
3	274	75.000000
3	85	9.000000
3	200	3.000000
3	67	3.000000
3	323	3.000000
3	228	3.000000
3	9	3.000000
3	188	3.000000
84	25	84.000000
84	258	141.000000
84	313	170.000000
84	82	84.000000
84	83	84.000000
84	237	84.000000
84	304	84.000000
84	236	84.000000
84	224	85.000000
185	25	9.000000
185	26	185.000000
185	344	185.000000
185	280	9.000000
185	285	185.000000
185	55	252.000000
185	56	185.000000
185	297	9.000000
185	315	231.000000
185	271	185.000000
185	119	9.000000
185	103	252.000000
185	67	45.000000
185	170	9.000000
185	188	9.000000
185	322	185.000000
185	9	185.000000
185	148	185.000000
185	169	185.000000
221	25	221.000000
221	285	221.000000
221	186	98.000000
221	45	221.000000
221	322	97.000000
76	25	122.000000
76	270	76.000000
69	26	248.000000
69	121	69.000000
69	304	69.000000
69	67	69.000000
69	9	69.000000
69	105	69.000000
105	21	105.000000
105	280	105.000000
105	59	203.000000
105	273	306.000000
105	119	105.000000
105	257	105.000000
105	39	105.000000
105	148	105.000000
105	236	105.000000
65	25	283.000000
65	314	65.000000
65	82	67.000000
65	118	65.000000
65	339	65.000000
65	203	65.000000
65	252	65.000000
65	261	66.000000
283	3	283.000000
283	228	283.000000
31	25	31.000000
31	21	56.000000
31	280	31.000000
31	122	31.000000
31	51	83.000000
31	291	272.000000
31	277	31.000000
31	83	237.000000
31	84	31.000000
31	7	304.000000
31	308	31.000000
31	304	31.000000
31	339	31.000000
31	338	31.000000
31	252	31.000000
31	237	31.000000
31	142	31.000000
31	168	30.000000
51	31	51.000000
51	83	51.000000
51	84	51.000000
297	25	290.000000
297	26	295.000000
297	123	200.000000
297	56	291.000000
297	272	297.000000
297	65	297.000000
297	252	297.000000
297	236	297.000000
297	322	297.000000
297	323	297.000000
297	185	297.000000
297	9	297.000000
297	200	297.000000
297	203	297.000000
297	261	297.000000
297	109	294.000000
290	342	290.000000
290	280	290.000000
290	56	290.000000
290	67	290.000000
290	271	290.000000
290	323	290.000000
290	185	290.000000
290	188	290.000000
290	277	290.000000
55	26	55.000000
55	21	55.000000
55	200	55.000000
55	203	55.000000
55	186	55.000000
55	239	55.000000
55	185	55.000000
55	252	55.000000
55	104	55.000000
55	170	54.000000
123	21	297.000000
123	200	123.000000
123	142	123.000000
123	55	123.000000
123	82	123.000000
123	98	123.000000
123	186	123.000000
123	239	123.000000
123	252	123.000000
123	104	124.000000
27	54	27.000000
27	329	27.000000
27	324	27.000000
54	27	329.000000
54	313	54.000000
54	53	54.000000
54	329	54.000000
54	119	57.000000
149	20	115.000000
149	343	115.000000
149	333	149.000000
149	312	149.000000
149	226	149.000000
149	162	149.000000
149	115	116.000000
149	14	149.000000
149	116	149.000000
2	20	2.000000
2	343	2.000000
2	333	226.000000
2	312	2.000000
2	149	2.000000
2	116	2.000000
2	326	2.000000
162	21	281.000000
162	343	14.000000
162	333	162.000000
162	312	162.000000
162	116	162.000000
162	326	163.000000
274	96	274.000000
274	122	274.000000
274	3	274.000000
274	75	274.000000
274	323	274.000000
274	185	274.000000
274	170	274.000000
274	85	275.000000
108	284	108.000000
108	127	251.000000
108	57	184.000000
108	197	108.000000
108	272	72.000000
108	159	108.000000
108	36	108.000000
108	251	108.000000
108	320	109.000000
22	339	22.000000
22	7	22.000000
22	277	22.000000
22	347	22.000000
22	324	22.000000
22	185	22.000000
347	339	347.000000
347	168	347.000000
347	7	347.000000
168	22	168.000000
168	347	7.000000
168	129	168.000000
168	291	168.000000
168	7	168.000000
168	304	246.000000
168	158	168.000000
23	124	23.000000
23	99	23.000000
23	155	23.000000
23	51	23.000000
23	245	23.000000
23	61	23.000000
23	267	23.000000
23	240	23.000000
23	83	23.000000
23	175	23.000000
23	230	23.000000
124	23	99.000000
124	170	124.000000
155	23	51.000000
155	157	113.000000
190	23	190.000000
190	229	190.000000
61	193	61.000000
267	23	240.000000
240	222	240.000000
160	260	198.000000
260	53	260.000000
260	339	260.000000
260	322	260.000000
260	126	260.000000
166	198	166.000000
166	202	166.000000
338	29	16.000000
338	308	338.000000
338	203	338.000000
338	239	338.000000
16	82	16.000000
16	331	16.000000
16	332	16.000000
16	254	196.000000
16	261	16.000000
247	29	247.000000
247	120	92.000000
106	29	106.000000
106	332	106.000000
106	88	106.000000
106	169	106.000000
106	329	106.000000
258	161	258.000000
258	141	258.000000
258	75	258.000000
258	98	258.000000
258	272	258.000000
258	40	258.000000
258	188	258.000000
258	295	258.000000
258	257	258.000000
258	291	53.000000
311	265	311.000000
311	277	311.000000
311	248	311.000000
196	346	196.000000
196	285	196.000000
196	53	191.000000
196	92	196.000000
196	249	196.000000
196	180	204.000000
196	204	196.000000
330	346	272.000000
330	53	330.000000
330	299	1.000000
330	80	88.000000
330	92	1.000000
330	302	330.000000
330	249	254.000000
330	48	330.000000
330	196	330.000000
330	94	330.000000
330	254	333.000000
254	346	92.000000
254	53	322.000000
254	296	227.000000
254	302	254.000000
254	242	180.000000
254	101	266.000000
254	196	254.000000
254	180	254.000000
254	187	254.000000
254	266	254.000000
129	347	129.000000
129	339	129.000000
129	31	129.000000
129	7	129.000000
129	291	269.000000
341	203	341.000000
341	304	341.000000
341	322	341.000000
341	62	341.000000
341	274	341.000000
341	186	341.000000
341	188	341.000000
63	342	63.000000
63	313	238.000000
63	261	63.000000
153	280	153.000000
117	280	297.000000
117	285	117.000000
117	38	117.000000
117	231	117.000000
228	96	190.000000
228	3	9.000000
60	285	60.000000
60	56	60.000000
60	158	60.000000
60	322	60.000000
208	285	303.000000
208	291	98.000000
208	119	208.000000
208	332	208.000000
164	285	103.000000
164	88	164.000000
10	285	56.000000
10	200	10.000000
10	142	10.000000
10	332	10.000000
10	323	10.000000
10	67	10.000000
10	291	263.000000
263	99	263.000000
263	102	263.000000
263	175	263.000000
296	68	175.000000
296	263	296.000000
296	227	296.000000
296	102	296.000000
296	175	297.000000
81	286	81.000000
81	268	203.000000
102	296	175.000000
102	99	102.000000
102	175	102.000000
206	121	206.000000
206	260	206.000000
206	178	206.000000
45	122	322.000000
45	303	45.000000
45	104	186.000000
45	181	152.000000
45	186	45.000000
45	221	322.000000
45	142	45.000000
45	322	40.000000
318	123	318.000000
318	334	318.000000
318	271	318.000000
318	62	318.000000
318	82	318.000000
318	236	318.000000
318	104	318.000000
157	124	157.000000
269	329	269.000000
269	119	269.000000
269	81	269.000000
58	269	58.000000
58	107	58.000000
250	59	250.000000
250	252	250.000000
250	170	250.000000
250	322	116.000000
317	132	277.000000
317	53	302.000000
317	146	317.000000
317	158	317.000000
317	101	317.000000
75	56	109.000000
75	258	98.000000
75	272	75.000000
75	85	75.000000
75	170	75.000000
75	188	75.000000
75	323	9.000000
75	323	75.000000
85	258	85.000000
85	271	48.000000
85	156	85.000000
85	322	85.000000
85	3	85.000000
85	9	85.000000
85	188	85.000000
85	170	174.000000
52	192	52.000000
192	259	201.000000
192	115	192.000000
192	205	192.000000
77	294	77.000000
77	332	98.000000
77	117	77.000000
77	40	72.000000
294	277	294.000000
293	19	293.000000
174	293	174.000000
174	112	174.000000
179	90	179.000000
145	179	145.000000
152	275	152.000000
152	339	334.000000
173	80	173.000000
173	166	173.000000
173	202	173.000000
173	163	172.000000
229	119	229.000000
229	337	111.000000
229	99	227.000000
163	119	163.000000
163	100	163.000000
112	140	17.000000
256	233	256.000000
233	260	339.000000
126	322	126.000000
126	1	126.000000
35	143	35.000000
38	7	65.000000
38	178	30.000000
38	248	158.000000
38	339	38.000000
38	332	38.000000
38	322	38.000000
255	49	255.000000
49	166	202.000000
49	241	49.000000
49	192	49.000000
202	173	163.000000
202	329	202.000000
301	47	301.000000
301	324	302.000000
47	301	324.000000
305	312	305.000000
307	230	307.000000
307	40	307.000000
71	307	71.000000
282	244	282.000000
33	42	33.000000
42	32	93.000000
46	175	46.000000
46	143	46.000000
46	278	86.000000
34	173	246.000000
138	19	6.000000
234	239	234.000000
182	253	182.000000
253	231	77.000000
97	182	97.000000
262	312	226.000000
262	220	262.000000
262	115	262.000000
220	312	14.000000
220	115	220.000000
70	230	70.000000
